1000
1007
1013
1020
1027
1033
1040
1047
1053
1060
1067
1073
1080
1087
1093
1100
1107
1113
1120
1127
1133
1140
1147
1153
1160
1167
1173
1180
1187
1193
1200
1207
1213
1220
1227
1233
1240
1247
1253
1260
1267
1273
1280
1287
1293
1300
1307
1313
1320
1327
1333
1340
1347
1353
1360
1367
1373
1380
1387
1393
1400
1407
1413
1420
1427
1433
1440
1447
1453
1460
1467
1473
1480
1487
1493
1500
1507
1513
1520
1527
1533
1540
1547
1553
1560
1567
1573
1580
1587
1593
1600
1607
1613
1620
1627
1633
1640
1647
1653
1660
1667
1673
1680
1687
1693
1700
1707
1713
1720
1727
1733
1740
1747
1753
1760
1767
1773
1780
1787
1793
1800
1807
1813
1820
1827
1833
1840
1847
1853
1860
1867
1873
1880
1887
1893
1900
1907
1913
1920
1927
1933
1940
1947
1953
1960
1967
1973
1980
1987
1993
2000
2007
2013
2020
2027
2033
2040
2047
2053
2060
2067
2073
2080
2087
2093
2100
2107
2113
2120
2127
2133
2140
2147
2153
2160
2167
2173
2180
2187
2193
2200
2207
2213
2220
2227
2233
2240
2247
2253
2260
2267
2273
2280
2287
2293
2300
2307
2313
2320
2327
2333
2340
2347
2353
2360
2367
2373
2380
2387
2393
2400
2407
2413
2420
2427
2433
2440
2447
2453
2460
2467
2473
2480
2487
2493
2500
2507
2513
2520
2527
2533
2540
2547
2553
2560
2567
2573
2580
2587
2593
2600
2607
2613
2620
2627
2633
2640
2647
2653
2660
2667
2673
2680
2687
2693
2700
2707
2713
2720
2727
2733
2740
2747
2753
2760
2767
2773
2780
2787
2793
2800
2807
2813
2820
2827
2833
2840
2847
2853
2860
2867
2873
2880
2887
2893
2900
2907
2913
2920
2927
2933
2940
2947
2953
2960
2967
2973
2980
2987
2993
3000
3007
3013
3020
3027
3033
3040
3047
3053
3060
3067
3073
3080
3087
3093
3100
3107
3113
3120
3127
3133
3140
3147
3153
3160
3167
3173
3180
3187
3193
3200
3207
3213
3220
3227
3233
3240
3247
3253
3260
3267
3273
3280
3287
3293
3300
3307
3313
3320
3327
3333
3340
3347
3353
3360
3367
3373
3380
3387
3393
3400
3407
3413
3420
3427
3433
3440
3447
3453
3460
3467
3473
3480
3487
3493
3500
3507
3513
3520
3527
3533
3540
3547
3553
3560
3567
3573
3580
3587
3593
3600
3607
3613
3620
3627
3633
3640
3647
3653
3660
3667
3673
3680
3687
3693
3700
3707
3713
3720
3727
3733
3740
3747
3753
3760
3767
3773
3780
3787
3793
3800
3807
3813
3820
3827
3833
3840
3847
3853
3860
3867
3873
3880
3887
3893
3900
3907
3913
3920
3927
3933
3940
3947
3953
3960
3967
3973
3980
3987
3993
4000
4007
4013
4020
4027
4033
4040
4047
4053
4060
4067
4073
4080
4087
4093
4100
4107
4113
4120
4127
4133
4140
4147
4153
4160
4167
4173
4180
4187
4193
4200
4207
4213
4220
4227
4233
4240
4247
4253
4260
4267
4273
4280
4287
4293
4300
4307
4313
4320
4327
4333
4340
4347
4353
4360
4367
4373
4380
4387
4393
4400
4407
4413
4420
4427
4433
4440
4447
4453
4460
4467
4473
4480
4487
4493
4500
4507
4513
4520
4527
4533
4540
4547
4553
4560
4567
4573
4580
4587
4593
4600
4607
4613
4620
4627
4633
4640
4647
4653
4660
4667
4673
4680
4687
4693
4700
4707
4713
4720
4727
4733
4740
4747
4753
4760
4767
4773
4780
4787
4793
4800
4807
4813
4820
4827
4833
4840
4847
4853
4860
4867
4873
4880
4887
4893
4900
4907
4913
4920
4927
4933
4940
4947
4953
4960
4967
4973
4980
4987
4993
5000
5007
5013
5020
5027
5033
5040
5047
5053
5060
5067
5073
5080
5087
5093
5100
5107
5113
5120
5127
5133
5140
5147
5153
5160
5167
5173
5180
5187
5193
5200
5207
5213
5220
5227
5233
5240
5247
5253
5260
5267
5273
5280
5287
5293
5300
5307
5313
5320
5327
5333
5340
5347
5353
5360
5367
5373
5380
5387
5393
5400
5407
5413
5420
5427
5433
5440
5447
5453
5460
5467
5473
5480
5487
5493
5500
5507
5513
5520
5527
5533
5540
5547
5553
5560
5567
5573
5580
5587
5593
5600
5607
5613
5620
5627
5633
5640
5647
5653
5660
5667
5673
5680
5687
5693
5700
5707
5713
5720
5727
5733
5740
5747
5753
5760
5767
5773
5780
5787
5793
5800
5807
5813
5820
5827
5833
5840
5847
5853
5860
5867
5873
5880
5887
5893
5900
5907
5913
5920
5927
5933
5940
5947
5953
5960
5967
5973
5980
5987
5993
6000
6007
6013
6020
6027
6033
6040
6047
6053
6060
6067
6073
6080
6087
6093
6100
6107
6113
6120
6127
6133
6140
6147
6153
6160
6167
6173
6180
6187
6193
6200
6207
6213
6220
6227
6233
6240
6247
6253
6260
6267
6273
6280
6287
6293
6300
6307
6313
6320
6327
6333
6340
6347
6353
6360
6367
6373
6380
6387
6393
6400
6407
6413
6420
6427
6433
6440
6447
6453
6460
6467
6473
6480
6487
6493
6500
6507
6513
6520
6527
6533
6540
6547
6553
6560
6567
6573
6580
6587
6593
6600
6607
6613
6620
6627
6633
6640
6647
6653
6660
6667
6673
6680
6687
6693
6700
6707
6713
6720
6727
6733
6740
6747
6753
6760
6767
6773
6780
6787
6793
6800
6807
6813
6820
6827
6833
6840
6847
6853
6860
6867
6873
6880
6887
6893
6900
6907
6913
6920
6927
6933
6940
6947
6953
6960
6967
6973
6980
6987
6993
7000
7007
7013
7020
7027
7033
7040
7047
7053
7060
7067
7073
7080
7087
7093
7100
7107
7113
7120
7127
7133
7140
7147
7153
7160
7167
7173
7180
7187
7193
7200
7207
7213
7220
7227
7233
7240
7247
7253
7260
7267
7273
7280
7287
7293
7300
7307
7313
7320
7327
7333
7340
7347
7353
7360
7367
7373
7380
7387
7393
7400
7407
7413
7420
7427
7433
7440
7447
7453
7460
7467
7473
7480
7487
7493
7500
7507
7513
7520
7527
7533
7540
7547
7553
7560
7567
7573
7580
7587
7593
7600
7607
7613
7620
7627
7633
7640
7647
7653
7660
7667
7673
7680
7687
7693
7700
7707
7713
7720
7727
7733
7740
7747
7753
7760
7767
7773
7780
7787
7793
7800
7807
7813
7820
7827
7833
7840
7847
7853
7860
7867
7873
7880
7887
7893
7900
7907
7913
7920
7927
7933
7940
7947
7953
7960
7967
7973
7980
7987
7993
8000
8007
8013
8020
8027
8033
8040
8047
8053
8060
8067
8073
8080
8087
8093
8100
8107
8113
8120
8127
8133
8140
8147
8153
8160
8167
8173
8180
8187
8193
8200
8207
8213
8220
8227
8233
8240
8247
8253
8260
8267
8273
8280
8287
8293
8300
8307
8313
8320
8327
8333
8340
8347
8353
8360
8367
8373
8380
8387
8393
8400
8407
8413
8420
8427
8433
8440
8447
8453
8460
8467
8473
8480
8487
8493
8500
8507
8513
8520
8527
8533
8540
8547
8553
8560
8567
8573
8580
8587
8593
8600
8607
8613
8620
8627
8633
8640
8647
8653
8660
8667
8673
8680
8687
8693
8700
8707
8713
8720
8727
8733
8740
8747
8753
8760
8767
8773
8780
8787
8793
8800
8807
8813
8820
8827
8833
8840
8847
8853
8860
8867
8873
8880
8887
8893
8900
8907
8913
8920
8927
8933
8940
8947
8953
8960
8967
8973
8980
8987
8993
9000
9007
9013
9020
9027
9033
9040
9047
9053
9060
9067
9073
9080
9087
9093
9100
9107
9113
9120
9127
9133
9140
9147
9153
9160
9167
9173
9180
9187
9193
9200
9207
9213
9220
9227
9233
9240
9247
9253
9260
9267
9273
9280
9287
9293
9300
9307
9313
9320
9327
9333
9340
9347
9353
9360
9367
9373
9380
9387
9393
9400
9407
9413
9420
9427
9433
9440
9447
9453
9460
9467
9473
9480
9487
9493
9500
9507
9513
9520
9527
9533
9540
9547
9553
9560
9567
9573
9580
9587
9593
9600
9607
9613
9620
9627
9633
9640
9647
9653
9660
9667
9673
9680
9687
9693
9700
9707
9713
9720
9727
9733
9740
9747
9753
9760
9767
9773
9780
9787
9793
9800
9807
9813
9820
9827
9833
9840
9847
9853
9860
9867
9873
9880
9887
9893
9900
9907
9913
9920
9927
9933
9940
9947
9953
9960
9967
9973
9980
9987
9993
10000
10007
10013
10020
10027
10033
10040
10047
10053
10060
10067
10073
10080
10087
10093
10100
10107
10113
10120
10127
10133
10140
10147
10153
10160
10167
10173
10180
10187
10193
10200
10207
10213
10220
10227
10233
10240
10247
10253
10260
10267
10273
10280
10287
10293
10300
10307
10313
10320
10327
10333
10340
10347
10353
10360
10367
10373
10380
10387
10393
10400
10407
10413
10420
10427
10433
10440
10447
10453
10460
10467
10473
10480
10487
10493
10500
10507
10513
10520
10527
10533
10540
10547
10553
10560
10567
10573
10580
10587
10593
10600
10607
10613
10620
10627
10633
10640
10647
10653
10660
10667
10673
10680
10687
10693
10700
10707
10713
10720
10727
10733
10740
10747
10753
10760
10767
10773
10780
10787
10793
10800
10807
10813
10820
10827
10833
10840
10847
10853
10860
10867
10873
10880
10887
10893
10900
10907
10913
10920
10927
10933
10940
10947
10953
10960
10967
10973
10980
10987
10993
11000
11007
11013
11020
11027
11033
11040
11047
11053
11060
11067
11073
11080
11087
11093
11100
11107
11113
11120
11127
11133
11140
11147
11153
11160
11167
11173
11180
11187
11193
11200
11207
11213
11220
11227
11233
11240
11247
11253
11260
11267
11273
11280
11287
11293
11300
11307
11313
11320
11327
11333
11340
11347
11353
11360
11367
11373
11380
11387
11393
11400
11407
11413
11420
11427
11433
11440
11447
11453
11460
11467
11473
11480
11487
11493
11500
11507
11513
11520
11527
11533
11540
11547
11553
11560
11567
11573
11580
11587
11593
11600
11607
11613
11620
11627
11633
11640
11647
11653
11660
11667
11673
11680
11687
11693
11700
11707
11713
11720
11727
11733
11740
11747
11753
11760
11767
11773
11780
11787
11793
11800
11807
11813
11820
11827
11833
11840
11847
11853
11860
11867
11873
11880
11887
11893
11900
11907
11913
11920
11927
11933
11940
11947
11953
11960
11967
11973
11980
11987
11993
12000
12007
12013
12020
12027
12033
12040
12047
12053
12060
12067
12073
12080
12087
12093
12100
12107
12113
12120
12127
12133
12140
12147
12153
12160
12167
12173
12180
12187
12193
12200
12207
12213
12220
12227
12233
12240
12247
12253
12260
12267
12273
12280
12287
12293
12300
12307
12313
12320
12327
12333
12340
12347
12353
12360
12367
12373
12380
12387
12393
12400
12407
12413
12420
12427
12433
12440
12447
12453
12460
12467
12473
12480
12487
12493
12500
12507
12513
12520
12527
12533
12540
12547
12553
12560
12567
12573
12580
12587
12593
12600
12607
12613
12620
12627
12633
12640
12647
12653
12660
12667
12673
12680
12687
12693
12700
12707
12713
12720
12727
12733
12740
12747
12753
12760
12767
12773
12780
12787
12793
12800
12807
12813
12820
12827
12833
12840
12847
12853
12860
12867
12873
12880
12887
12893
12900
12907
12913
12920
12927
12933
12940
12947
12953
12960
12967
12973
12980
12987
12993
13000
13007
13013
13020
13027
13033
13040
13047
13053
13060
13067
13073
13080
13087
13093
13100
13107
13113
13120
13127
13133
13140
13147
13153
13160
13167
13173
13180
13187
13193
13200
13207
13213
13220
13227
13233
13240
13247
13253
13260
13267
13273
13280
13287
13293
13300
13307
13313
13320
13327
13333
13340
13347
13353
13360
13367
13373
13380
13387
13393
13400
13407
13413
13420
13427
13433
13440
13447
13453
13460
13467
13473
13480
13487
13493
13500
13507
13513
13520
13527
13533
13540
13547
13553
13560
13567
13573
13580
13587
13593
13600
13607
13613
13620
13627
13633
13640
13647
13653
13660
13667
13673
13680
13687
13693
13700
13707
13713
13720
13727
13733
13740
13747
13753
13760
13767
13773
13780
13787
13793
13800
13807
