103366 9.503078984 4.463532254 0.330332568 -0.339922235 -0.607726816 0.631708545 0.340683583
103432 9.502880185 4.46326323 0.330526421 -0.339281261 -0.607446485 0.632213648 0.340885453
103498 9.502686125 4.463062472 0.330672738 -0.338699411 -0.607211775 0.632516346 0.341320437
103564 9.502640355 4.462865995 0.330744652 -0.338316951 -0.607194015 0.632801882 0.34120206
103630 9.502660173 4.462654918 0.330527578 -0.337951158 -0.607382994 0.633021618 0.340820398
103696 9.502675275 4.462341072 0.330141354 -0.337859262 -0.607864199 0.633023944 0.340048398
103762 9.502747117 4.46209565 0.329682581 -0.337945972 -0.608637112 0.632771304 0.339048459
103828 9.502797242 4.461946082 0.32923763 -0.337856925 -0.609120062 0.632621092 0.338549851
103894 9.502826852 4.461862258 0.328942367 -0.337580855 -0.609281257 0.632740989 0.338311033
103960 9.503026081 4.461939417 0.32877044 -0.33743021 -0.609579257 0.632720425 0.33796279
104026 9.503213922 4.46207019 0.328782669 -0.337079933 -0.60964083 0.632980468 0.337714229
104092 9.503170154 4.462100745 0.32880393 -0.336530265 -0.609502262 0.633214995 0.338072684
104158 9.502564084 4.461649324 0.328901853 -0.335766703 -0.609453243 0.633159211 0.339023407
104224 9.500578179 4.460008072 0.329323676 -0.33471395 -0.609426797 0.632721389 0.340923976
104290 9.497640921 4.456479065 0.330092258 -0.3333041 -0.610244097 0.63209551 0.342002611
104356 9.494440288 4.450103497 0.331544927 -0.332371831 -0.61163722 0.631952294 0.340683367
104422 9.490885716 4.440217852 0.333690303 -0.332264385 -0.611281317 0.633023805 0.339435373
104488 9.486580826 4.426952461 0.336181827 -0.332031858 -0.60934605 0.634853584 0.339725086
104554 9.481460817 4.410986798 0.338594475 -0.331288123 -0.608208091 0.636329382 0.339729314
104620 9.474632956 4.393152381 0.340323651 -0.33097758 -0.607840855 0.636876668 0.339663725
104686 9.465576733 4.374446613 0.341934653 -0.332632945 -0.608394157 0.636583885 0.337598521
104752 9.453968893 4.355668187 0.343027311 -0.334369794 -0.608988634 0.636527449 0.334906634
104818 9.439807951 4.337088029 0.343493608 -0.334356424 -0.609815715 0.636959955 0.332584697
104884 9.422199051 4.318026211 0.343054751 -0.334550907 -0.61044081 0.636717071 0.331706303
104950 9.4004884 4.297785976 0.341709622 -0.335041767 -0.610169235 0.63674256 0.331661622
105016 9.374410932 4.27608794 0.339614082 -0.333900064 -0.608952221 0.638746265 0.331196452
105082 9.344284603 4.253219391 0.33671941 -0.330733996 -0.609074452 0.64080999 0.33016027
105148 9.311103398 4.229177583 0.334465632 -0.326151112 -0.611532588 0.642149866 0.327561709
105214 9.276601625 4.204145964 0.334340425 -0.320237001 -0.613857181 0.644759311 0.323902433
105280 9.240629394 4.178097622 0.336539831 -0.315080775 -0.614925052 0.646629944 0.323204271
105346 9.205457227 4.152103446 0.339150083 -0.310267029 -0.617450624 0.646892009 0.322520818
105412 9.170953353 4.125973138 0.340917367 -0.30736824 -0.619665686 0.646321376 0.322192277
105478 9.137210201 4.099519981 0.341747331 -0.307852361 -0.621619089 0.644223206 0.322169256
105544 9.104303758 4.07235929 0.341670818 -0.309161885 -0.623049385 0.641731489 0.323123861
105610 9.071323048 4.043465816 0.340198614 -0.308749234 -0.621768667 0.64106658 0.327278591
105676 9.038621068 4.012074884 0.337503585 -0.308056013 -0.618670948 0.641688898 0.332540127
105742 9.006833323 3.978335839 0.334270649 -0.308307708 -0.616181268 0.642434802 0.335476535
105808 8.975281768 3.942920049 0.330891148 -0.309566216 -0.614886465 0.64219145 0.337155016
105874 8.943302883 3.906950017 0.328858354 -0.312624366 -0.613545133 0.641355174 0.338366379
105940 8.91128122 3.871933046 0.328852888 -0.316899281 -0.612690299 0.639348324 0.339733959
106006 8.880555445 3.839265344 0.330253089 -0.320399666 -0.611516203 0.638086375 0.340936505
106072 8.851261077 3.808686809 0.332266382 -0.320640138 -0.608585647 0.640335023 0.341737356
106138 8.822108834 3.780058037 0.334065153 -0.320293016 -0.607062706 0.641357323 0.34285278
106204 8.792314876 3.752706858 0.334987939 -0.321175027 -0.606815909 0.641009633 0.343114685
106270 8.761226021 3.726180306 0.334659476 -0.321300636 -0.604588334 0.643828506 0.341648507
106336 8.72834732 3.700609586 0.332165731 -0.320339687 -0.602636536 0.647401489 0.339238729
106402 8.693227284 3.675556577 0.328151468 -0.318923335 -0.603334087 0.649183047 0.335912458
106468 8.655007292 3.650608622 0.324064471 -0.316649575 -0.604769858 0.650298823 0.333313447
106534 8.614382642 3.626129752 0.320844398 -0.312110539 -0.605521945 0.652213307 0.332487254
106600 8.57305444 3.602286437 0.319587101 -0.305859792 -0.606995034 0.653524776 0.333034809
106666 8.53386228 3.578579456 0.320995641 -0.301170361 -0.612368725 0.651768928 0.330904493
106732 8.49735891 3.554350399 0.323580678 -0.297379727 -0.618228137 0.649813496 0.327263639
106798 8.463126931 3.52951769 0.325703314 -0.293617697 -0.622342146 0.649151061 0.324163038
106864 8.431481119 3.503954657 0.326653167 -0.289834627 -0.625674301 0.649256493 0.320925819
106930 8.401114159 3.477307524 0.325891026 -0.285898603 -0.62887323 0.648776239 0.319170552
106996 8.370932705 3.448902315 0.323326875 -0.280935469 -0.630683545 0.648788152 0.319980203
107062 8.34100029 3.418102991 0.320375067 -0.277432154 -0.631157992 0.649383606 0.320892352
107128 8.311922644 3.385501165 0.317961791 -0.276142263 -0.63038806 0.650941353 0.320361769
107194 8.28275258 3.351624001 0.317113236 -0.277290264 -0.625542104 0.654895903 0.320808277
107260 8.252260489 3.317346763 0.319037405 -0.27985606 -0.616082101 0.660623369 0.325115664
107326 8.222137477 3.285530604 0.324425344 -0.284771776 -0.609329243 0.662840064 0.329037251
107392 8.193987787 3.257399821 0.331886117 -0.292336299 -0.604682818 0.663090189 0.330468397
107458 8.168005389 3.23248215 0.338318915 -0.295089972 -0.598758153 0.666440169 0.332066024
107524 8.14237844 3.209307143 0.342850913 -0.294055275 -0.593176968 0.669993265 0.335829296
107590 8.115836979 3.186890385 0.345739494 -0.292751393 -0.588864187 0.672057117 0.340403911
107656 8.087847046 3.164726767 0.34724935 -0.2906029 -0.584588744 0.675475564 0.342838786
107722 8.058946719 3.142804095 0.347229773 -0.286369771 -0.581253383 0.681120604 0.340897766
107788 8.028765669 3.120527235 0.345234207 -0.28139263 -0.579971703 0.686690148 0.33601689
107854 7.99658815 3.097211325 0.342056192 -0.2768639 -0.580860936 0.690653271 0.330067635
107920 7.962260787 3.072978091 0.33990326 -0.273589896 -0.584116296 0.692035993 0.324103234
107986 7.927188706 3.048424208 0.340375747 -0.270079101 -0.589985174 0.690639604 0.319360563
108052 7.894749898 3.024145874 0.342674216 -0.264494939 -0.597323612 0.688663793 0.314624721
108118 7.865819234 2.999628533 0.345497524 -0.258089779 -0.602327562 0.688005929 0.311831447
108184 7.840364447 2.973983841 0.348896275 -0.254480224 -0.603692847 0.688690372 0.310644969
108250 7.817955811 2.947190024 0.352018619 -0.252118349 -0.603517523 0.690338187 0.309250909
108316 7.798067485 2.918714357 0.353346182 -0.248327413 -0.603123993 0.692689318 0.307825218
108382 7.779590136 2.887619009 0.352685222 -0.246350806 -0.602071264 0.693711598 0.309169284
108448 7.762414834 2.853735446 0.35042287 -0.246937649 -0.599410446 0.694156578 0.312850488
108514 7.746150705 2.817526941 0.347224158 -0.24903603 -0.595343882 0.694743954 0.317611892
108580 7.730866914 2.779510309 0.344401456 -0.253825506 -0.592209209 0.694024969 0.321232325
108646 7.716372251 2.740335887 0.343954903 -0.26003642 -0.591144157 0.692002737 0.322585742
108712 7.702015697 2.701514119 0.346026602 -0.267528657 -0.590514728 0.689092781 0.323838956
108778 7.687910449 2.664938889 0.349030871 -0.274064338 -0.588276842 0.687982179 0.324806839
108844 7.67405947 2.630908649 0.350614845 -0.276267938 -0.585560082 0.689256571 0.325147326
108910 7.659098756 2.597771727 0.350454549 -0.275729704 -0.586560236 0.688488352 0.325428963
108976 7.64259783 2.563942813 0.349125619 -0.275670435 -0.589878894 0.686027605 0.324676384
109042 7.6248111 2.529385702 0.34647953 -0.275152788 -0.591865897 0.685891975 0.321772972
109108 7.604925915 2.494385978 0.342346711 -0.272995092 -0.59243482 0.687678817 0.318735681
109174 7.582367994 2.45854277 0.337775058 -0.269994284 -0.592471206 0.69009792 0.315983664
109240 7.55651998 2.421409284 0.334464878 -0.267796102 -0.591249862 0.693235531 0.313262426
109306 7.526844535 2.383539431 0.332588992 -0.264854402 -0.589592851 0.696198728 0.312313245
109372 7.494621996 2.345748575 0.331545376 -0.259415555 -0.589418997 0.697666273 0.313927497
109438 7.463525163 2.308308977 0.331803781 -0.255195834 -0.593144287 0.6956833 0.314768932
109504 7.436373824 2.272166949 0.333573874 -0.251383034 -0.598347135 0.693847318 0.312030453
109570 7.410987695 2.236678925 0.33569446 -0.249362875 -0.600970356 0.692372752 0.311885814
109636 7.38787171 2.201724791 0.33731712 -0.249777492 -0.602737434 0.689967639 0.313469955
109702 7.367439471 2.167169492 0.337969693 -0.250710364 -0.600925377 0.689774086 0.316614154
109768 7.348428864 2.131989175 0.337193358 -0.252891195 -0.594973931 0.69065612 0.324107499
109834 7.331205978 2.096011828 0.334896389 -0.256639554 -0.588963044 0.690188994 0.333012493
109900 7.316968359 2.059229552 0.332040962 -0.261199003 -0.584907239 0.689348559 0.338315189
109966 7.304273762 2.021169551 0.330371563 -0.267931281 -0.579893676 0.689286308 0.341789369
110032 7.292813528 1.982689614 0.330985767 -0.275940873 -0.575910571 0.689285705 0.342152882
110098 7.281628206 1.945937575 0.333308771 -0.284497984 -0.576590462 0.685989935 0.340619711
110164 7.269616818 1.912554221 0.335217099 -0.290257274 -0.577512141 0.682336324 0.341536996
110230 7.256571331 1.882555424 0.336115313 -0.290185493 -0.577925124 0.681055596 0.343450441
110296 7.242020644 1.855055332 0.335711076 -0.288883824 -0.580651242 0.678665222 0.344679118
110362 7.224575628 1.828585469 0.334816282 -0.28971228 -0.581783092 0.677163706 0.345028308
110428 7.203679054 1.803078333 0.332787542 -0.2904543 -0.580663859 0.677580465 0.345471403
110494 7.180034736 1.778852728 0.329678381 -0.288817637 -0.580482518 0.678759664 0.344832782
110560 7.153464447 1.754878758 0.327249752 -0.285575517 -0.57943494 0.681766092 0.34336099
110626 7.124075329 1.731483226 0.326633184 -0.282469985 -0.576219932 0.686342774 0.342220043
110692 7.092454423 1.709389609 0.328049998 -0.278108402 -0.571266111 0.692140642 0.342420484
110758 7.060683832 1.688579641 0.330432439 -0.272003422 -0.569256501 0.69602417 0.342799281
110824 7.031818401 1.669383447 0.332795222 -0.265625505 -0.574731128 0.694992731 0.340751804
110890 7.004757569 1.65075855 0.335046923 -0.260424399 -0.579325331 0.6937033 0.339613053
110956 6.978574544 1.63213746 0.337907283 -0.259272515 -0.580020394 0.69350607 0.339710796
111022 6.954071129 1.614166995 0.340323602 -0.258237555 -0.581853216 0.693480256 0.337409689
111088 6.929632478 1.595839451 0.341382363 -0.25593129 -0.581942402 0.694542386 0.336827924
111154 6.904469846 1.576053877 0.340814376 -0.255514452 -0.58042184 0.694711173 0.339410046
111220 6.879456235 1.554674445 0.339265043 -0.257368032 -0.579504357 0.693850777 0.341331943
111286 6.85431062 1.532157039 0.337023804 -0.257917104 -0.577838885 0.694500804 0.342417253
111352 6.82820467 1.50807229 0.334362688 -0.259277268 -0.574935649 0.695298756 0.344650342
111418 6.801683458 1.48214992 0.332256398 -0.261032033 -0.571248618 0.696397644 0.347228333
111484 6.775682612 1.45538523 0.331704479 -0.261520311 -0.566525481 0.698977913 0.349407529
111550 6.750703829 1.429002196 0.33305441 -0.261160143 -0.561339064 0.702744614 0.350490858
111616 6.727029541 1.405065776 0.335837454 -0.263710757 -0.559230919 0.703986298 0.349457563
111682 6.70332938 1.384628742 0.338525042 -0.267716939 -0.556684573 0.704481945 0.34947822
111748 6.679160874 1.368332694 0.340160295 -0.270270496 -0.553265191 0.70548562 0.350915179
111814 6.654567492 1.356383188 0.340186029 -0.273493912 -0.55255699 0.703703987 0.353103934
111880 6.629702927 1.34845648 0.338843665 -0.276979716 -0.552984274 0.701347335 0.354404493
111946 6.604033291 1.344687867 0.336261998 -0.278287501 -0.552841119 0.700962696 0.354364297
112012 6.576875531 1.34510909 0.332362029 -0.278020171 -0.555464584 0.699463226 0.353433149
112078 6.547983693 1.349263266 0.327580805 -0.275958541 -0.559691304 0.697613434 0.352033952
112144 6.517706556 1.356998118 0.32336116 -0.272460232 -0.563630229 0.69726801 0.349146858
112210 6.486173867 1.368727588 0.320940274 -0.268410027 -0.566045665 0.698430508 0.346039287
112276 6.454048395 1.384365644 0.320462447 -0.261888454 -0.567996131 0.700541992 0.343562883
112342 6.421592705 1.402290336 0.321148792 -0.255803533 -0.57104828 0.70075419 0.342654091
112408 6.390227083 1.420918811 0.322285569 -0.25052149 -0.575241791 0.700410225 0.340236901
112474 6.359959842 1.439264509 0.322766135 -0.245178549 -0.579992976 0.699757577 0.337393974
112540 6.329905505 1.455583453 0.322599318 -0.241751775 -0.583705286 0.69853396 0.335997804
112606 6.301059603 1.468901558 0.321935873 -0.241797348 -0.587036476 0.69694128 0.333458999
112672 6.273796017 1.479254719 0.320976835 -0.244813611 -0.589948698 0.695247974 0.329631573
112738 6.246771857 1.487223277 0.319442409 -0.248969766 -0.590519364 0.694088256 0.327936525
112804 6.219484606 1.493514649 0.317150721 -0.252232301 -0.589418998 0.69345718 0.328757063
112870 6.192786881 1.498545953 0.314138572 -0.253834695 -0.589181369 0.692588699 0.32977895
112936 6.166312563 1.502107651 0.31066237 -0.254411104 -0.589938226 0.69110114 0.331099777
113002 6.139376657 1.503939369 0.308132214 -0.255442033 -0.589428838 0.689909106 0.33368905
113068 6.112787689 1.505410153 0.307172366 -0.25721075 -0.588179215 0.688918689 0.336569223
113134 6.087461782 1.508342773 0.307202927 -0.259620728 -0.588101249 0.687313631 0.338132873
113200 6.063279062 1.513133314 0.307679563 -0.263100898 -0.587348074 0.685389717 0.340648048
113266 6.040535493 1.519357994 0.308508516 -0.265671732 -0.583650573 0.686193127 0.343379425
113332 6.019736367 1.527309381 0.310010487 -0.268277005 -0.582703795 0.686606955 0.342132365
113398 5.998706488 1.537294219 0.311098529 -0.270924378 -0.583897871 0.685441693 0.340342376
113464 5.976463874 1.549480965 0.310665065 -0.269586805 -0.582918243 0.686829443 0.340285898
113530 5.954095784 1.564137056 0.308878112 -0.266441528 -0.582217936 0.689693203 0.338163382
113596 5.930947618 1.581934297 0.305836485 -0.26343345 -0.584724823 0.690975353 0.333545387
113662 5.905700202 1.603421204 0.301696614 -0.259135367 -0.588580022 0.691063863 0.329928689
113728 5.879403815 1.628866498 0.296876551 -0.252818313 -0.593116552 0.690939871 0.326951777
113794 5.852511642 1.657215855 0.292858897 -0.246048142 -0.598219581 0.689878361 0.325055485
113860 5.826076285 1.686646123 0.291411251 -0.241298415 -0.60392308 0.687653028 0.322777479
113926 5.801296346 1.715889409 0.291455859 -0.237927595 -0.609522146 0.685473344 0.319373025
113992 5.778228865 1.744042456 0.292135594 -0.234344893 -0.615624863 0.683139569 0.315291298
114058 5.755104294 1.769716879 0.293320218 -0.229560306 -0.619564276 0.68212661 0.313281561
114124 5.731888616 1.792112293 0.294625146 -0.226010061 -0.619808703 0.683743575 0.311851368
114190 5.70941725 1.811618439 0.295377855 -0.226689289 -0.619653311 0.6853692 0.308075965
114256 5.6871734 1.82957048 0.294834375 -0.228563527 -0.620296561 0.686276347 0.303340706
114322 5.663331159 1.846591445 0.292756752 -0.227097902 -0.619190535 0.688348162 0.302003897
114388 5.637470947 1.862606567 0.289208624 -0.22390248 -0.617600758 0.690185619 0.303448104
114454 5.610424169 1.877646315 0.285216106 -0.222518292 -0.617622916 0.690390555 0.303954627
114520 5.582170048 1.892542204 0.281671756 -0.222010666 -0.617867701 0.690460488 0.303669362
114586 5.552093968 1.907482227 0.279458531 -0.223380068 -0.615400537 0.691133514 0.306133587
114652 5.520916786 1.923054662 0.278235618 -0.22537754 -0.610915442 0.691722215 0.312261851
114718 5.491203881 1.939411233 0.278519429 -0.229122049 -0.609020493 0.690093422 0.316809076
114784 5.46374524 1.955988523 0.279903353 -0.233978393 -0.60785772 0.687983373 0.320065347
114850 5.437867765 1.973026497 0.281881267 -0.237092699 -0.605384419 0.688201061 0.321987665
114916 5.412471767 1.991949782 0.284099187 -0.240910529 -0.604769466 0.688006218 0.320723104
114982 5.386256339 2.01322616 0.286019839 -0.243969449 -0.604275332 0.688669443 0.31790655
115048 5.359749286 2.037599912 0.285367005 -0.242453236 -0.603169976 0.691562651 0.314870484
115114 5.333145687 2.065657531 0.281560689 -0.239836776 -0.603828583 0.692967241 0.312515113
115180 5.305086823 2.097368525 0.276399351 -0.237174753 -0.605972032 0.692515137 0.311398165
115246 5.275957216 2.132802318 0.271799574 -0.23459959 -0.610659145 0.690633953 0.308354925
115312 5.24580194 2.171173342 0.268759754 -0.229928132 -0.616686638 0.68793128 0.305910168
115378 5.215664466 2.209649594 0.267596342 -0.227858907 -0.621212912 0.684706879 0.305534258
115444 5.187777982 2.247051684 0.266946193 -0.227817701 -0.626591442 0.680575182 0.303808065
115510 5.161392924 2.282404001 0.267386312 -0.225935955 -0.63290711 0.676455161 0.301313706
115576 5.134873216 2.313889818 0.269188902 -0.22365671 -0.635826614 0.674507236 0.301234415
115642 5.108985066 2.340696181 0.271836602 -0.224284668 -0.633777455 0.676660367 0.300255212
115708 5.083852161 2.364424485 0.273720958 -0.226813148 -0.632210559 0.678615853 0.297230636
115774 5.057761785 2.385953165 0.273891212 -0.228284736 -0.630434874 0.680692963 0.295118537
115840 5.02936639 2.405439347 0.272385352 -0.228624945 -0.626961106 0.683576313 0.295590645
115906 4.999029351 2.423369771 0.269126552 -0.229012755 -0.625134867 0.684288976 0.297503133
115972 4.966804923 2.440123624 0.264725156 -0.228795302 -0.625337087 0.682706217 0.300862723
116038 4.932414556 2.45520415 0.260277603 -0.226918581 -0.624543898 0.682242243 0.304956274
116104 4.897415998 2.46978926 0.257033002 -0.223003561 -0.624885108 0.682839932 0.305806303
116170 4.863381188 2.484499639 0.255791654 -0.220144818 -0.62648667 0.682651031 0.305021771
116236 4.83108931 2.498844619 0.257824235 -0.222793404 -0.626436701 0.681814524 0.30507213
116302 4.800302755 2.51409598 0.262062056 -0.226191544 -0.623256651 0.683405684 0.305524322
116368 4.77208746 2.531420425 0.266852536 -0.228402698 -0.621970262 0.685429382 0.301946412
116434 4.744121716 2.549695222 0.271169498 -0.231114739 -0.621633773 0.686608484 0.297869326
116500 4.71525843 2.569286058 0.273140813 -0.231043752 -0.61876832 0.689633503 0.296900964
116566 4.687084752 2.592137389 0.2719792 -0.228653508 -0.617382742 0.693064899 0.29362725
116632 4.658469675 2.618445451 0.26810702 -0.226344325 -0.619544696 0.694155253 0.288237687
116698 4.627647876 2.647891382 0.263813386 -0.22380024 -0.622347002 0.694092707 0.284311235
116764 4.595530324 2.681352777 0.259891891 -0.218906626 -0.625796755 0.693523246 0.281928059
116830 4.562891434 2.71762067 0.258174415 -0.211372507 -0.628995491 0.693644341 0.280256783
116896 4.530705754 2.754017941 0.259775799 -0.207398971 -0.631751591 0.693494545 0.277381827
116962 4.500669282 2.789763152 0.262265343 -0.20555574 -0.636829669 0.69195233 0.270917738
117028 4.471482855 2.823155938 0.264377223 -0.202049388 -0.642040145 0.69025576 0.265532166
117094 4.442334574 2.851984609 0.266548107 -0.19893414 -0.64263775 0.691246457 0.26385632
117160 4.414215832 2.876330462 0.269231172 -0.197809979 -0.640041984 0.694962635 0.261236303
117226 4.386197106 2.897611876 0.270244007 -0.19613759 -0.638611501 0.697726575 0.258617377
117292 4.356803867 2.915947257 0.268289746 -0.194123468 -0.637384704 0.699176702 0.259246472
117358 4.325896991 2.931318516 0.264402578 -0.193412783 -0.635855486 0.700090424 0.261060669
117424 4.293217935 2.944288181 0.25926045 -0.192591405 -0.634973315 0.700350206 0.263110187
117490 4.258283506 2.955098756 0.254142736 -0.192954541 -0.635317802 0.698336425 0.267331393
117556 4.22254694 2.964618217 0.250954761 -0.19258349 -0.63592006 0.696229956 0.271626705
117622 4.189566847 2.974325944 0.251387044 -0.191432377 -0.635905051 0.69666569 0.271358253
117688 4.159385192 2.984325442 0.255423212 -0.19396135 -0.634121986 0.698266779 0.269613997
117754 4.131406323 2.99569869 0.259772506 -0.194869533 -0.630730556 0.701881539 0.267520081
117820 4.105576411 3.008774181 0.264093382 -0.196383531 -0.629988634 0.703828185 0.263008965
117886 4.078619681 3.022917037 0.267983158 -0.200587682 -0.628218875 0.705094039 0.260668076
117952 4.049825467 3.039822641 0.269325892 -0.201396284 -0.624428189 0.708157278 0.260848966
118018 4.020693107 3.060948142 0.267482031 -0.200288394 -0.624165577 0.709468267 0.258759764
118084 3.990055027 3.085639821 0.263484507 -0.199968413 -0.627129965 0.708178856 0.255349262
118150 3.957263667 3.113556926 0.258700655 -0.198495361 -0.628666811 0.707839288 0.253655621
118216 3.923392041 3.145609531 0.254160259 -0.195073905 -0.629486083 0.708051539 0.253685457
118282 3.89025818 3.181065539 0.252043862 -0.188587473 -0.632178264 0.707993917 0.252051226
118348 3.858511311 3.21690568 0.252715294 -0.183389937 -0.634472552 0.707924256 0.250311575
118414 3.829086547 3.251511797 0.254318481 -0.181056996 -0.638279846 0.706270681 0.246979042
118480 3.800793168 3.283029849 0.256361468 -0.178401737 -0.642148616 0.704920103 0.242704809
118546 3.772391796 3.309938776 0.258668497 -0.179502739 -0.643896833 0.704043789 0.239787096
118612 3.743777709 3.333940467 0.259446024 -0.181729349 -0.645954363 0.702577942 0.236857772
118678 3.714325043 3.355717496 0.257771089 -0.181306846 -0.64734726 0.701733045 0.235881492
118744 3.684712557 3.374856252 0.255224864 -0.180454913 -0.647409282 0.701876843 0.235936714
118810 3.655078131 3.391398656 0.252472312 -0.180207865 -0.646063577 0.70338375 0.235325902
118876 3.624135486 3.406587915 0.248203398 -0.178920252 -0.645198716 0.704338651 0.235824503
118942 3.591142546 3.420865875 0.242893375 -0.177652498 -0.64603073 0.703153891 0.238030354
119008 3.556065442 3.434005105 0.238342847 -0.176511924 -0.646352809 0.702118715 0.241041155
119074 3.519574594 3.446640508 0.236273005 -0.178150933 -0.645760195 0.700588231 0.245829191
119140 3.485078774 3.459859363 0.237734234 -0.179708083 -0.644151108 0.700723682 0.248516953
119206 3.454955212 3.474179747 0.241167507 -0.179390866 -0.640659059 0.703487779 0.249959167
119272 3.427635192 3.489512785 0.244603208 -0.17905673 -0.636570958 0.7061334 0.253163366
119338 3.403826539 3.505368427 0.248069297 -0.182290356 -0.637206686 0.704697276 0.253257689
119404 3.382566788 3.521429292 0.251433277 -0.185709049 -0.639381844 0.703013724 0.249949297
119470 3.361608221 3.538686673 0.252848096 -0.185286511 -0.638686693 0.704382792 0.24817957
119536 3.341583024 3.558889191 0.251952608 -0.183831599 -0.639203937 0.70517636 0.24566331
119602 3.32199724 3.582921793 0.250048743 -0.183354757 -0.641652841 0.704947274 0.240232911
119668 3.301304513 3.611926517 0.246389298 -0.18031841 -0.643152869 0.705862313 0.235792123
119734 3.279790954 3.646961429 0.240602812 -0.175284356 -0.645973187 0.705774616 0.232111737
119800 3.257651721 3.687145593 0.234295271 -0.171265649 -0.651158828 0.703153101 0.228551908
119866 3.234963154 3.729446824 0.232078151 -0.168347536 -0.653458141 0.703097252 0.224289104
119932 3.213083517 3.771045793 0.235510072 -0.167459573 -0.651718955 0.706464892 0.219378444
119998 3.191348832 3.811503747 0.240591517 -0.165652145 -0.648642027 0.710380628 0.217214533
120064 3.170365587 3.849838403 0.245299702 -0.163184764 -0.649013978 0.711604208 0.213941373
120130 3.149276663 3.883292141 0.248648161 -0.16353875 -0.651346685 0.710398631 0.210562006
120196 3.127371684 3.910603305 0.249873964 -0.165984193 -0.651729861 0.709846552 0.209320946
120262 3.105501138 3.932978465 0.249225055 -0.168054689 -0.652104071 0.709251096 0.208520416
120328 3.083614179 3.951214819 0.2471403 -0.168346395 -0.653307731 0.707852837 0.209267401
120394 3.060492928 3.965649131 0.244384758 -0.166779101 -0.653034347 0.707781806 0.211602744
120460 3.036425612 3.977724283 0.240900942 -0.16416609 -0.653036015 0.707943234 0.213095836
120526 3.011044227 3.988069901 0.236071277 -0.160796324 -0.653002679 0.70817256 0.214996596
120592 2.98335339 3.996906609 0.230701467 -0.157168763 -0.652621527 0.708209663 0.218682645
120658 2.953307907 4.00461784 0.226869576 -0.155531679 -0.651646186 0.708175766 0.222832194
120724 2.922869145 4.012340499 0.226130935 -0.156456838 -0.650935212 0.707626735 0.225984235
120790 2.893089676 4.019948909 0.229769114 -0.160532435 -0.649064409 0.70720025 0.229809784
120856 2.865148048 4.02844506 0.234977311 -0.161672856 -0.645324133 0.709351327 0.23289308
120922 2.84103403 4.038353296 0.239698228 -0.160956145 -0.642676991 0.712565861 0.230887839
120988 2.818817269 4.049217127 0.243215106 -0.163002868 -0.642660734 0.713753233 0.225773055
121054 2.794266557 4.061247642 0.244208867 -0.165118469 -0.641173496 0.714913831 0.224790114
121120 2.768322698 4.076694577 0.242848796 -0.164676905 -0.639877294 0.716417827 0.224017998
121186 2.742270272 4.096930549 0.240133154 -0.164431856 -0.643005668 0.715054094 0.219552408
121252 2.714346467 4.12090555 0.236745678 -0.164103273 -0.645251452 0.714270223 0.215728307
121318 2.684455677 4.148724989 0.232872791 -0.162462755 -0.644669632 0.715808466 0.213600349
121384 2.653757264 4.180786042 0.228702477 -0.158297835 -0.645708562 0.716364564 0.211716468
121450 2.622797801 4.21512504 0.226521214 -0.154078152 -0.648963048 0.714707941 0.210474331
121516 2.592755379 4.249598666 0.228247455 -0.151283426 -0.650241714 0.715087419 0.207241061
121582 2.564343599 4.283538682 0.232023209 -0.147808005 -0.650461164 0.716923387 0.202666573
121648 2.537435304 4.315387822 0.235399363 -0.142680007 -0.651662033 0.717816075 0.199296276
121714 2.511220643 4.34257965 0.237535235 -0.139212956 -0.650882057 0.719513055 0.198174622
121780 2.486086525 4.365716839 0.237772313 -0.137191261 -0.652129202 0.71986489 0.194166431
121846 2.462051938 4.385599637 0.235727099 -0.135479634 -0.656457758 0.717979557 0.187652805
121912 2.437352606 4.401637321 0.231787299 -0.134478732 -0.657920518 0.717435065 0.185318597
121978 2.411681142 4.414652756 0.227249056 -0.134194615 -0.656634876 0.718665719 0.185316003
122044 2.385754157 4.427320004 0.222359996 -0.132451675 -0.657430594 0.718546628 0.184207044
122110 2.359253811 4.439688542 0.217591767 -0.129087288 -0.657865371 0.719015785 0.183210061
122176 2.332962417 4.451602389 0.212947046 -0.126342691 -0.657059884 0.720349766 0.182773186
122242 2.307199371 4.463525224 0.210832164 -0.126636426 -0.657699771 0.719636589 0.183077545
122308 2.282528643 4.476564062 0.212184579 -0.127401539 -0.658119682 0.718940264 0.183772189
122374 2.26086884 4.491863719 0.214306367 -0.123584338 -0.655644442 0.722333697 0.181908922
122440 2.243754252 4.509482663 0.216076363 -0.118750974 -0.654950656 0.725763816 0.173795073
122506 2.227645438 4.528679178 0.216602983 -0.115688584 -0.65688767 0.726609917 0.16477967
122572 2.209720538 4.550521865 0.21533503 -0.110710022 -0.657379486 0.728593971 0.157308577
122638 2.190510984 4.576776871 0.213039611 -0.106255149 -0.658406534 0.730029257 0.149223504
122704 2.169926693 4.607965688 0.211094062 -0.104153532 -0.660827524 0.729880353 0.140475022
122770 2.14829282 4.642712121 0.210378434 -0.102958101 -0.662805789 0.729643035 0.133075756
122836 2.126648779 4.678945477 0.210763729 -0.10166462 -0.664749352 0.728360748 0.131389366
122902 2.106580476 4.714853741 0.211818734 -0.098718467 -0.665467434 0.727551733 0.134447581
122968 2.09045037 4.749712291 0.2142868 -0.095062497 -0.664436245 0.72875267 0.13567268
123034 2.079583683 4.782935242 0.218748448 -0.090881942 -0.664635335 0.730091765 0.130252993
123100 2.073140424 4.812621219 0.223520301 -0.087760974 -0.664186841 0.73240772 0.121378682
123166 2.069541642 4.837929453 0.226388931 -0.085876854 -0.662779489 0.734781613 0.115950139
123232 2.067868155 4.86004036 0.227050166 -0.084168977 -0.662583654 0.735288159 0.115107704
123298 2.067472859 4.880249012 0.226187945 -0.080819261 -0.662586025 0.735697518 0.114878632
123364 2.068559469 4.899310587 0.224833616 -0.077133603 -0.662228779 0.73687705 0.111872914
123430 2.071094544 4.917386221 0.223283514 -0.075858327 -0.661641735 0.737997086 0.108793521
123496 2.074400466 4.935137429 0.221345787 -0.077011563 -0.660310856 0.739230265 0.107691071
123562 2.077819647 4.953636238 0.218514353 -0.078423505 -0.659204812 0.740027227 0.107974364
123628 2.081492711 4.973088866 0.215050805 -0.079499249 -0.660234061 0.738947187 0.108295295
123694 2.085775187 4.99323932 0.212252746 -0.082459755 -0.664255319 0.735058977 0.107949571
123760 2.090874646 5.014250942 0.212012214 -0.08531294 -0.670819253 0.729347999 0.10380139
123826 2.096445813 5.03582113 0.213598769 -0.08675337 -0.676959614 0.724380166 0.097326685
123892 2.102024093 5.057967312 0.214757855 -0.086953583 -0.680229144 0.7221538 0.090670355
123958 2.106950379 5.080401661 0.214834817 -0.086534661 -0.681593974 0.721576966 0.085252484
124024 2.110307963 5.102779142 0.214172169 -0.085937177 -0.68257855 0.721228367 0.080813996
124090 2.111474889 5.124017053 0.213451982 -0.085979156 -0.682522471 0.721640788 0.077493448
124156 2.110221968 5.144929602 0.212007215 -0.085955182 -0.683444437 0.721138498 0.073990435
124222 2.106561562 5.16633865 0.209514659 -0.085781791 -0.686236097 0.718791221 0.071137778
124288 2.100730436 5.18907895 0.206307645 -0.086213463 -0.690097811 0.715176323 0.069677609
124354 2.09320871 5.214000279 0.202635856 -0.086408548 -0.692431083 0.712878376 0.069836653
124420 2.084763521 5.241607811 0.199146666 -0.085425857 -0.693518411 0.711913396 0.070099588
124486 2.076774151 5.271136033 0.197017507 -0.085304944 -0.694737823 0.710781296 0.069658846
124552 2.069882814 5.300799274 0.196686864 -0.085616264 -0.694260065 0.711199242 0.069774139
124618 2.063986724 5.329584156 0.197355345 -0.085227239 -0.692521272 0.712891203 0.070261794
124684 2.060198973 5.357463587 0.198641758 -0.084764866 -0.69200861 0.713628066 0.068366164
124750 2.058757809 5.383501933 0.20013514 -0.086256481 -0.692820906 0.712895722 0.065868821
124816 2.059311759 5.407041187 0.202088078 -0.088185915 -0.692573695 0.712927844 0.065565061
124882 2.062427754 5.428489412 0.204511846 -0.089702116 -0.690797635 0.714309884 0.06718263
124948 2.06838101 5.448449853 0.20599032 -0.090302519 -0.689251941 0.715459053 0.069967875
125014 2.076777324 5.466879777 0.206222064 -0.090584626 -0.687624947 0.716586515 0.073959599
125080 2.08794836 5.484532532 0.205896132 -0.091624085 -0.686650226 0.717035888 0.077304782
125146 2.101669304 5.501504837 0.205104515 -0.093045642 -0.685280662 0.717946415 0.079283127
125212 2.117229933 5.518307347 0.203505931 -0.094701155 -0.684230542 0.718566863 0.080758273
125278 2.134140199 5.535914954 0.201278937 -0.096931061 -0.684176964 0.718181447 0.081985508
125344 2.151391947 5.554392257 0.199766039 -0.100117874 -0.686108478 0.715691574 0.083767427
125410 2.168333285 5.573411988 0.199675521 -0.10340298 -0.688267169 0.713132605 0.083892881
125476 2.183485049 5.592123198 0.199688571 -0.106759512 -0.689439215 0.711488511 0.084023642
125542 2.196608721 5.611115838 0.198997362 -0.108747143 -0.693214273 0.70754044 0.083751882
125608 2.207593393 5.630034026 0.198816503 -0.109659489 -0.69696312 0.703747598 0.083405563
125674 2.21566763 5.648109422 0.199860864 -0.109610995 -0.69659397 0.703945015 0.084874049
125740 2.221206536 5.666563507 0.2010705 -0.108213134 -0.693962207 0.706648784 0.085754708
125806 2.224479751 5.686585172 0.200835938 -0.106511712 -0.693715314 0.707255352 0.084877334
125872 2.224674395 5.707074282 0.198961734 -0.106129712 -0.695216374 0.705997201 0.083537999
125938 2.221885215 5.72852563 0.196033444 -0.106668058 -0.696990966 0.704438815 0.081187566
126004 2.216658968 5.752186213 0.192726956 -0.107850019 -0.698993198 0.702616787 0.078143755
126070 2.209066822 5.778425503 0.189179767 -0.109580696 -0.699884433 0.701606188 0.076828431
126136 2.199236124 5.806891597 0.185139054 -0.110344367 -0.698695146 0.70259473 0.077523097
126202 2.187728848 5.837039435 0.180408368 -0.109557121 -0.698944025 0.702340922 0.0786872
126268 2.176458032 5.867786738 0.17639942 -0.109395082 -0.700973395 0.700336538 0.078725701
126334 2.167341485 5.897874081 0.174660557 -0.109510369 -0.700664465 0.700782461 0.077334826
126400 2.160845021 5.925982566 0.176115769 -0.109666935 -0.699383674 0.702472306 0.073268672
126466 2.156271061 5.951336373 0.179669412 -0.109427505 -0.70022064 0.702260787 0.067426324
126532 2.151686889 5.973323189 0.182263077 -0.110306106 -0.703510975 0.698984567 0.065767293
126598 2.14703229 5.992551729 0.182852729 -0.112447872 -0.705960412 0.69607108 0.06678591
126664 2.142720648 6.00977096 0.183187803 -0.116851776 -0.706388752 0.694773498 0.068192806
126730 2.139157774 6.025624817 0.184499529 -0.11965465 -0.705410676 0.695043515 0.070661547
126796 2.137167912 6.040192604 0.187066241 -0.119038402 -0.70135219 0.698975165 0.073268366
126862 2.137779302 6.053129704 0.191347198 -0.116764222 -0.694997032 0.705540636 0.074547477
126928 2.141486662 6.064459443 0.197261909 -0.114629821 -0.689200153 0.711818815 0.071950222
126994 2.146532193 6.073281883 0.202942583 -0.112426972 -0.684162617 0.717355842 0.068424378
127060 2.152426515 6.079137807 0.206500071 -0.11100656 -0.678239379 0.723399258 0.066048482
127126 2.160370974 6.083021097 0.207476046 -0.109465837 -0.67444696 0.727464822 0.062716429
127192 2.171852537 6.086347211 0.206324229 -0.106370514 -0.675312212 0.727499391 0.058164926
127258 2.187286254 6.090058018 0.203588136 -0.101987972 -0.678402403 0.725538552 0.054427118
127324 2.205804817 6.0948758 0.199911441 -0.097112854 -0.67994419 0.724857924 0.053158601
127390 2.226412605 6.103374272 0.195251594 -0.091429566 -0.681019592 0.724620058 0.052713584
127456 2.248212597 6.116846568 0.189801135 -0.08689991 -0.682125052 0.724112814 0.053050801
127522 2.27029707 6.133567674 0.184806 -0.085240842 -0.680901409 0.725383898 0.054087268
127588 2.292837466 6.152984548 0.181258572 -0.087184875 -0.678832517 0.72704593 0.054675108
127654 2.315445225 6.174193353 0.178842799 -0.090701577 -0.676676293 0.728503618 0.056256404
127720 2.336451618 6.195554602 0.177128201 -0.092833479 -0.673418373 0.731005468 0.059335037
127786 2.354971544 6.215945497 0.176355846 -0.09355375 -0.670238291 0.733617368 0.061917607
127852 2.370893099 6.235030414 0.176587409 -0.094431013 -0.669825501 0.733835679 0.062463869
127918 2.38449068 6.251538412 0.177200077 -0.095999713 -0.672202879 0.731543929 0.061406704
127984 2.395561385 6.264026624 0.177495668 -0.095904246 -0.672266229 0.731660884 0.059437537
128050 2.404155799 6.272849653 0.176588852 -0.095019814 -0.671144974 0.732846448 0.0589215
128116 2.411465785 6.279264131 0.175523969 -0.093820532 -0.670486966 0.733551847 0.059553357
128182 2.418486045 6.2845734 0.174463041 -0.090165791 -0.669716875 0.734773692 0.058795357
128248 2.426200139 6.289529695 0.172753796 -0.083641678 -0.669383905 0.736211957 0.054045045
128314 2.436755968 6.29513126 0.172140328 -0.076126095 -0.669416171 0.737786641 0.0419059
128380 2.448849215 6.30000876 0.172455984 -0.070231217 -0.669222299 0.739207596 0.027950321
128446 2.460371181 6.304648613 0.171398409 -0.065327599 -0.672472716 0.737039404 0.016876753
128512 2.471087243 6.310462002 0.168892901 -0.060771463 -0.677692313 0.732785348 0.008068104
128578 2.481054824 6.318403138 0.166314807 -0.054934525 -0.679013411 0.732067306 0.00042328
128644 2.489107852 6.327026656 0.164561227 -0.05152889 -0.673150224 0.737704824 -0.002160807
128710 2.495001863 6.337429142 0.163348995 -0.049623247 -0.66836345 0.742176259 -0.001493993
128776 2.497715023 6.34914839 0.162134296 -0.050309642 -0.66653381 0.743767689 0.003323722
128842 2.497476298 6.363756413 0.160394895 -0.052766228 -0.668064991 0.742156689 0.01039308
128908 2.494806137 6.381445919 0.158948459 -0.056375837 -0.670602296 0.739468185 0.017346419
128974 2.490547219 6.402474876 0.158015918 -0.059635761 -0.674071972 0.735857091 0.024174964
129040 2.486071992 6.426491392 0.158594135 -0.063049851 -0.6767341 0.732896198 0.030312326
129106 2.482788835 6.453273515 0.159927403 -0.064807663 -0.678629189 0.730748765 0.035614705
129172 2.481181381 6.480885524 0.161044664 -0.065445693 -0.68042703 0.728706819 0.041498807
129238 2.481316158 6.50769129 0.162570232 -0.068671789 -0.683552383 0.725196997 0.046144441
129304 2.482921408 6.533111499 0.164178942 -0.076131032 -0.686997189 0.720822923 0.051503171
129370 2.485937782 6.557381928 0.165847937 -0.084163499 -0.687147866 0.719390049 0.056765075
129436 2.491172239 6.580527577 0.1666544 -0.090428906 -0.683436723 0.721551748 0.064025542
129502 2.500512973 6.60309468 0.166211906 -0.095477267 -0.680500958 0.722985856 0.071370473
129568 2.515279362 6.626092597 0.164320494 -0.100545276 -0.682625482 0.71975493 0.076587614
129634 2.535044421 6.649473663 0.161389018 -0.104633758 -0.685734863 0.715902194 0.079393882
129700 2.557836984 6.673261366 0.157731983 -0.106961507 -0.686429385 0.714419901 0.083535266
129766 2.582712782 6.697458897 0.154312773 -0.108839841 -0.686527044 0.713501653 0.088033294
129832 2.60944941 6.722736636 0.152465299 -0.109762628 -0.687983785 0.712136273 0.086558108
129898 2.636473662 6.748445833 0.151967312 -0.10998623 -0.69075011 0.709911919 0.082415333
129964 2.660884863 6.772915709 0.152815028 -0.109848889 -0.692664951 0.708301352 0.080359651
130030 2.681132428 6.796354943 0.154243839 -0.10929473 -0.69341534 0.707461696 0.082023026
130096 2.69800079 6.820374669 0.156078846 -0.108055785 -0.694269849 0.706614156 0.083724166
130162 2.712412389 6.845264958 0.158500535 -0.107206651 -0.695323938 0.705807331 0.082869508
130228 2.72434829 6.870359173 0.160801689 -0.106544995 -0.695171321 0.706243788 0.081269224
130294 2.733524702 6.895106979 0.162798815 -0.105473565 -0.693200579 0.708444687 0.080338956
130360 2.740092298 6.920221301 0.164867842 -0.103870185 -0.691766324 0.710089055 0.080273734
130426 2.744840347 6.946693287 0.167026414 -0.102342828 -0.690210528 0.711798855 0.080483947
130492 2.74868421 6.974848337 0.169362441 -0.099910052 -0.68583631 0.716545795 0.078793228
130558 2.752443941 7.003642323 0.172383582 -0.097414579 -0.681354155 0.721559715 0.074955533
130624 2.757067492 7.031635708 0.175626477 -0.095634458 -0.678930848 0.724281054 0.072964773
130690 2.76370975 7.058067839 0.179350149 -0.093640945 -0.677787316 0.725710468 0.071972534
130756 2.772595636 7.081734661 0.183333377 -0.090692049 -0.675618197 0.728226145 0.070721461
130822 2.78291752 7.101816455 0.186878142 -0.08770096 -0.672741925 0.731382331 0.06932995
130888 2.793747266 7.118395029 0.189840157 -0.086502677 -0.669759987 0.734355726 0.068267471
130954 2.804285681 7.132278873 0.191801385 -0.086421951 -0.667485531 0.73638046 0.068833797
131020 2.814809802 7.144794268 0.192306792 -0.086126001 -0.666691908 0.736843908 0.071869796
131086 2.827159576 7.15644794 0.192846652 -0.086641466 -0.665070738 0.737977343 0.074588824
131152 2.841938452 7.167208521 0.193951003 -0.088149278 -0.661398273 0.740664345 0.078728365
131218 2.859411817 7.178538313 0.195028841 -0.089200057 -0.657219006 0.743646174 0.084241789
131284 2.880305335 7.191454554 0.195242154 -0.091132809 -0.654359404 0.745144436 0.090928405
131350 2.905104985 7.205567135 0.194782038 -0.095384423 -0.652614872 0.745268253 0.097830832
131416 2.932675953 7.220460512 0.194396659 -0.100412779 -0.651888961 0.744525897 0.103145591
131482 2.960884516 7.23579542 0.194871623 -0.104818236 -0.653360383 0.742266614 0.105704712
131548 2.987489978 7.251146966 0.195929773 -0.109292379 -0.655354623 0.739478171 0.108339208
131614 3.010851871 7.266258158 0.197582662 -0.114063231 -0.655933342 0.737785122 0.11141786
131680 3.030255831 7.281605784 0.199975829 -0.11903463 -0.65757826 0.735271328 0.113126759
131746 3.0454986 7.297266234 0.201954265 -0.121786846 -0.658912709 0.733276249 0.11535966
131812 3.057252525 7.312842565 0.203039229 -0.122854046 -0.656606742 0.734493435 0.119556355
131878 3.066711901 7.328413101 0.203775121 -0.123155392 -0.652549372 0.737532298 0.122711355
131944 3.074022817 7.344013345 0.204127529 -0.124195482 -0.650056966 0.73907458 0.125579135
132010 3.079362913 7.360143783 0.203964553 -0.125450435 -0.649334227 0.739126589 0.12774637
132076 3.083725109 7.377659737 0.203110799 -0.125587491 -0.649056152 0.739271912 0.128183182
132142 3.088117061 7.397038591 0.202116159 -0.12414416 -0.64837035 0.740354462 0.12680431
132208 3.093017694 7.418071142 0.201579118 -0.121037112 -0.647507568 0.742164456 0.123595184
132274 3.098181786 7.440244409 0.201178707 -0.117028012 -0.647495362 0.743337583 0.120429629
132340 3.103652097 7.46320515 0.200349805 -0.112721575 -0.64972151 0.742377722 0.118453047
132406 3.109896308 7.487151179 0.199324572 -0.108200696 -0.65399082 0.739633722 0.116319622
132472 3.116649798 7.511220654 0.198901619 -0.103635712 -0.658234119 0.736897534 0.113883061
132538 3.124046967 7.534309693 0.199764075 -0.101003419 -0.661809341 0.734409479 0.111576687
132604 3.132279777 7.555904233 0.201514975 -0.099394214 -0.663119012 0.733661824 0.110155665
132670 3.141148992 7.575685283 0.203678514 -0.097815014 -0.662457615 0.734491276 0.110021348
132736 3.150455972 7.59355491 0.205665004 -0.097183994 -0.662187233 0.734574815 0.111638546
132802 3.16040694 7.609729422 0.207104516 -0.097378895 -0.661537831 0.734827964 0.113634851
132868 3.171570055 7.624690348 0.20758895 -0.098539802 -0.659986306 0.73564501 0.116337303
132934 3.185127646 7.639402702 0.207296823 -0.100014927 -0.659080844 0.735925927 0.118416313
133000 3.201458937 7.653896177 0.206026167 -0.102237809 -0.65873599 0.735496312 0.121076427
133066 3.220932889 7.668752495 0.203353287 -0.103950292 -0.658995047 0.734384363 0.124897338
133132 3.2436115 7.684394756 0.199866241 -0.106741767 -0.660438946 0.732069183 0.128456821
133198 3.26852912 7.700651638 0.19677221 -0.112214858 -0.663159995 0.728459686 0.13028008
133264 3.293761784 7.717122888 0.194493618 -0.117948538 -0.665802569 0.725135129 0.130284012
133330 3.31678909 7.733183135 0.192959642 -0.122699219 -0.667216459 0.722854826 0.131331639
133396 3.337355266 7.749452952 0.192488904 -0.126641304 -0.670392146 0.719200942 0.131476344
133462 3.354667895 7.766128917 0.192365567 -0.129447637 -0.674752051 0.714340034 0.132932992
133528 3.368832544 7.782765651 0.192708089 -0.130261671 -0.675553487 0.713013423 0.135171093
133594 3.380528716 7.79883052 0.19376186 -0.130172377 -0.673231608 0.714941035 0.136651258
133660 3.39024369 7.813730023 0.195543645 -0.130293853 -0.670385709 0.717628778 0.136438444
133726 3.397918383 7.827944043 0.197111627 -0.129910107 -0.668912943 0.719173857 0.135896209
133792 3.403960507 7.842353319 0.1976515 -0.128791907 -0.667702498 0.720579926 0.135464269
133858 3.409058008 7.85811455 0.197243283 -0.126874415 -0.666947591 0.721819743 0.134387574
133924 3.41329139 7.87540573 0.196767819 -0.125059299 -0.666200214 0.723179672 0.132470903
133990 3.416556762 7.894560755 0.196816515 -0.123008741 -0.665227332 0.725030763 0.129119473
134056 3.418999357 7.916005888 0.197295617 -0.120260739 -0.664514395 0.726922882 0.124663358
134122 3.420940024 7.939821538 0.197802225 -0.11766966 -0.663838352 0.728461552 0.121721911
134188 3.42305584 7.965789134 0.199101812 -0.116194978 -0.66354508 0.729286642 0.119781579
134254 3.425433135 7.99240069 0.201522961 -0.114907127 -0.662489459 0.730686113 0.118329204
134320 3.427800377 8.017905967 0.204622746 -0.113732931 -0.659686221 0.733346931 0.118664189
134386 3.431200222 8.042228793 0.207893564 -0.113384165 -0.658137758 0.734918247 0.117872284
134452 3.435903157 8.06500418 0.21119819 -0.115122522 -0.659801755 0.733480281 0.115823246
134518 3.441832938 8.085625787 0.214201536 -0.117715159 -0.663505514 0.729977821 0.114174558
134584 3.449174385 8.103755295 0.21679606 -0.11869439 -0.665571559 0.72796023 0.114017705
134650 3.458007504 8.119068299 0.219604348 -0.118573825 -0.663292046 0.729800288 0.115652279
134716 3.468867325 8.13235504 0.222957907 -0.119009984 -0.660126737 0.732386716 0.11695712
134782 3.481806819 8.144205526 0.226124873 -0.11986522 -0.659099262 0.732994527 0.118065673
134848 3.496739584 8.154665985 0.22843125 -0.120059401 -0.658180108 0.733474143 0.120001416
134914 3.514180841 8.164145854 0.23000459 -0.120210063 -0.656800037 0.734408575 0.121685127
134980 3.534190621 8.172579429 0.231017288 -0.122030341 -0.655697299 0.73483792 0.123218826
135046 3.556749173 8.180033745 0.23110268 -0.125557644 -0.655239123 0.7342367 0.125671413
135112 3.581972852 8.187091632 0.22990862 -0.129311496 -0.654996503 0.733210669 0.129074124
135178 3.609921899 8.194574775 0.227788894 -0.132517909 -0.655520465 0.731577904 0.13238435
135244 3.639838417 8.202374971 0.226298356 -0.136211203 -0.657078941 0.72923998 0.13380092
135310 3.67037467 8.209595602 0.226246926 -0.139693688 -0.658723921 0.727110193 0.133713262
135376 3.700424275 8.215664108 0.227007648 -0.141597649 -0.658912127 0.72653232 0.133924176
135442 3.728787059 8.220652421 0.228119148 -0.143074948 -0.65798131 0.726953494 0.134643089
135508 3.755062804 8.224560608 0.229565037 -0.145441865 -0.658897862 0.725771667 0.133998844
135574 3.778471447 8.227011252 0.230662634 -0.148147408 -0.662241125 0.722125461 0.134252386
135640 3.798824804 8.227212219 0.231476534 -0.149622744 -0.663893785 0.719874285 0.136525052
135706 3.816842157 8.225256479 0.23266269 -0.149146063 -0.663016646 0.720411146 0.138463486
135772 3.832941932 8.221189921 0.234184341 -0.148356491 -0.662343785 0.721078674 0.139056128
135838 3.847446824 8.214381166 0.234996208 -0.148894586 -0.662784606 0.720543383 0.13915525
135904 3.860817845 8.204349975 0.234847236 -0.150868056 -0.664534256 0.718544404 0.139021256
135970 3.873581935 8.19097117 0.234493727 -0.152341849 -0.665809257 0.717124337 0.138645881
136036 3.886821568 8.174179125 0.235401577 -0.151559027 -0.664876187 0.718516364 0.136761301
136102 3.901070452 8.154717292 0.23723065 -0.149446921 -0.663713543 0.720489449 0.134331096
136168 3.916530483 8.133727529 0.239264794 -0.146843655 -0.664226942 0.72103142 0.131731416
136234 3.9326996 8.11183446 0.24171796 -0.147029548 -0.665571111 0.720303842 0.128684314
136300 3.949395443 8.091748139 0.243422093 -0.146782696 -0.668759873 0.717942911 0.1255908
136366 3.966841963 8.074245533 0.243950916 -0.14346503 -0.672020197 0.715949691 0.123379711
136432 3.984581703 8.05845343 0.244362997 -0.139859042 -0.672860937 0.715983977 0.12273766
136498 4.002675389 8.043977278 0.244727519 -0.139271994 -0.672462081 0.716300754 0.123738764
136564 4.022260133 8.03093649 0.245017309 -0.139775624 -0.67105673 0.717261753 0.125224439
136630 4.044086254 8.019047782 0.244647549 -0.139604414 -0.66877931 0.718873448 0.128319164
136696 4.06904547 8.008099266 0.243863565 -0.140675766 -0.667470861 0.718938304 0.133493277
136762 4.09810586 7.998461562 0.243096775 -0.143943919 -0.666662377 0.717984993 0.139064171
136828 4.131261534 7.990890346 0.242588067 -0.14831569 -0.665181513 0.717701825 0.142968397
136894 4.167043997 7.985269274 0.242246153 -0.153744541 -0.662992273 0.718030285 0.145725956
136960 4.204228832 7.980665312 0.242376639 -0.160873264 -0.663041575 0.716103895 0.147278222
137026 4.241073171 7.975824829 0.242434738 -0.166839083 -0.666205449 0.711478556 0.148770821
137092 4.276474886 7.969858171 0.242330477 -0.173461029 -0.670800456 0.70528944 0.150014828
137158 4.309704263 7.962790386 0.241887985 -0.177870199 -0.674459371 0.700665647 0.150114394
137224 4.340867048 7.954391866 0.241179648 -0.176022429 -0.677272609 0.698539702 0.149532717
137290 4.370256337 7.943877703 0.240815229 -0.171070523 -0.679859798 0.697434052 0.148698601
137356 4.397714046 7.930959335 0.240810422 -0.16704054 -0.68172366 0.696865431 0.147406968
137422 4.422768043 7.915863659 0.240732647 -0.164517837 -0.681210251 0.698097915 0.146784596
137488 4.445235069 7.898503287 0.240081566 -0.164263445 -0.677751201 0.701303714 0.147796457
137554 4.465476155 7.879183776 0.239036624 -0.167254534 -0.674125021 0.703855132 0.148893172
137620 4.484108463 7.858902724 0.237737223 -0.17104082 -0.672256402 0.704604334 0.149496152
137686 4.501384242 7.837151724 0.237378418 -0.174947735 -0.670668007 0.704756808 0.15137823
137752 4.518658683 7.814321102 0.238523319 -0.18059309 -0.669897109 0.703452983 0.154200332
137818 4.537063862 7.792696987 0.240060454 -0.183067202 -0.672521368 0.699735124 0.156754744
137884 4.557061612 7.772593244 0.241831251 -0.180817496 -0.674072924 0.698403364 0.158629508
137950 4.577198935 7.75384759 0.244016149 -0.176987001 -0.672202697 0.700543057 0.161426642
138016 4.597926376 7.737032366 0.247111725 -0.174869493 -0.672505547 0.700211352 0.163893144
138082 4.62036979 7.721062049 0.250569917 -0.173485312 -0.67319078 0.699714829 0.164669856
138148 4.645263974 7.705278405 0.252741252 -0.170616575 -0.672029607 0.701614408 0.164326943
138214 4.673489057 7.689618991 0.2529011 -0.168381345 -0.670697334 0.703461427 0.164179177
138280 4.705312729 7.674247716 0.251419451 -0.16648331 -0.670620363 0.704092682 0.163722728
138346 4.740783084 7.659740565 0.249168634 -0.165103288 -0.67166077 0.703487873 0.163454941
138412 4.77921086 7.646364504 0.248104577 -0.165562087 -0.67149657 0.703687551 0.162804631
138478 4.81833423 7.633828682 0.252028588 -0.169046213 -0.668160354 0.706628434 0.160190823
138544 4.857000349 7.623121479 0.259222126 -0.171510923 -0.663593224 0.710892088 0.15767156
138610 4.893239487 7.613501925 0.265030561 -0.17344265 -0.660548289 0.712993171 0.158853212
138676 4.925414799 7.604484199 0.268329816 -0.174811954 -0.659140679 0.713760076 0.159752602
138742 4.95338821 7.596081933 0.268988778 -0.172061889 -0.659838153 0.713891496 0.159270573
138808 4.977564512 7.587050332 0.26809676 -0.164906531 -0.662286892 0.713145483 0.160016166
138874 4.998847697 7.575603593 0.267253071 -0.158385785 -0.665231428 0.711467024 0.161850477
138940 5.018849981 7.561239399 0.26666713 -0.155353473 -0.666850911 0.710825564 0.160941536
139006 5.037732703 7.543662696 0.266120885 -0.15379534 -0.665607599 0.712878277 0.158486611
139072 5.05562319 7.523583353 0.265465685 -0.153317696 -0.665155608 0.713884423 0.156303285
139138 5.072950015 7.50088794 0.264477301 -0.154268295 -0.664233761 0.714872264 0.154765722
139204 5.089992728 7.475223112 0.262795342 -0.155747112 -0.661032548 0.717480642 0.154919836
139270 5.106490083 7.445932495 0.261024655 -0.158131356 -0.656076661 0.72106932 0.156897816
139336 5.122159578 7.41294676 0.260732035 -0.162834239 -0.650311368 0.724790683 0.158927966
139402 5.136247194 7.377238749 0.262241549 -0.168892917 -0.645365274 0.726873835 0.163196337
139468 5.149439481 7.341260373 0.265530074 -0.17083185 -0.641773433 0.728446794 0.168251307
139534 5.162569723 7.307012186 0.271767998 -0.170072941 -0.640433663 0.729016316 0.171624743
139600 5.177730886 7.275558669 0.279016014 -0.164285876 -0.637374564 0.733136149 0.17109998
139666 5.195749497 7.247121886 0.285056317 -0.155525794 -0.632788321 0.739753235 0.167795515
139732 5.214222304 7.222148764 0.289083488 -0.14937868 -0.634042286 0.7400519 0.167330112
139798 5.231148759 7.199782917 0.292005264 -0.144532221 -0.63839093 0.737039105 0.168346879
139864 5.247230143 7.179129324 0.294223821 -0.139877946 -0.640216752 0.736460057 0.167878452
139930 5.263699845 7.159883927 0.294988809 -0.137421476 -0.641049054 0.736248829 0.167657713
139996 5.281400792 7.141497281 0.294114031 -0.136190699 -0.641378397 0.735758025 0.169546254
140062 5.301347975 7.124363871 0.292259394 -0.136877869 -0.642411425 0.734213557 0.171762608
140128 5.324006544 7.108050136 0.290246065 -0.14062766 -0.643151345 0.732000416 0.175372262
140194 5.349461313 7.092080481 0.288471701 -0.144360428 -0.642032627 0.730772018 0.181455486
140260 5.377751123 7.076850934 0.287138154 -0.14801139 -0.639595789 0.730428446 0.188372347
140326 5.408716429 7.06230009 0.286822195 -0.153113259 -0.637114606 0.730052533 0.194073019
140392 5.440982513 7.04763377 0.287753458 -0.158874404 -0.636807753 0.728206956 0.197355628
140458 5.472663263 7.033460638 0.288513705 -0.165281861 -0.639066601 0.724387922 0.198840679
140524 5.502259344 7.02015109 0.288536176 -0.17329315 -0.642552637 0.719424741 0.1988043
140590 5.528031585 7.006791555 0.287508904 -0.178160287 -0.644956273 0.715478344 0.200950386
140656 5.550610416 6.993584836 0.285869419 -0.177956957 -0.647468399 0.712227847 0.204566149
140722 5.571463152 6.980021031 0.28432529 -0.176557725 -0.649740102 0.709858412 0.206799886
140788 5.591722405 6.965651985 0.282983771 -0.17614287 -0.64941263 0.710395849 0.206336219
140854 5.611359326 6.950982493 0.281114724 -0.175876601 -0.647363761 0.712779599 0.204774931
140920 5.630136059 6.936346113 0.278367236 -0.175602457 -0.645985794 0.714403059 0.203701745
140986 5.648225926 6.921080092 0.27602728 -0.175923007 -0.644592592 0.715975773 0.202311955
141052 5.665514552 6.903912706 0.275475192 -0.178637971 -0.641997236 0.717676071 0.202160753
141118 5.682194239 6.884855268 0.276478792 -0.183363059 -0.639461288 0.718124699 0.204362468
141184 5.699168575 6.864037461 0.278493861 -0.18780442 -0.636773651 0.718695065 0.20670293
141250 5.717399247 6.841509267 0.281607247 -0.189537379 -0.634070748 0.720284856 0.207893227
141316 5.737406504 6.819242605 0.284310915 -0.187595357 -0.633643989 0.721109089 0.208098258
141382 5.759187904 6.799735316 0.285798402 -0.182777176 -0.634321346 0.722129422 0.206779672
141448 5.781517132 6.783487731 0.286943541 -0.175936306 -0.634912419 0.723747045 0.205238195
141514 5.802618739 6.769636206 0.28867978 -0.171779038 -0.636302951 0.722982624 0.207138921
141580 5.823286186 6.757356865 0.291124237 -0.169820308 -0.638098634 0.721506937 0.208372107
141646 5.844810679 6.745112128 0.293083414 -0.169722237 -0.639407468 0.720295734 0.208630023
141712 5.868840459 6.732528678 0.293729368 -0.17281532 -0.639297893 0.719350808 0.209684066
141778 5.896992826 6.720688585 0.292650261 -0.176672609 -0.637287005 0.719267784 0.212851442
141844 5.929800443 6.708561658 0.290123201 -0.181190567 -0.63285055 0.720163699 0.219166458
141910 5.967751708 6.695822646 0.287314552 -0.186588154 -0.629885259 0.720073927 0.223434465
141976 6.009395208 6.682830254 0.285433468 -0.19233804 -0.63159229 0.717088457 0.223340515
142042 6.05245566 6.670398377 0.285037114 -0.19643319 -0.636434755 0.712573943 0.220460886
142108 6.09417909 6.658691106 0.285235861 -0.199199324 -0.639892676 0.709038507 0.219365614
142174 6.132579279 6.646863634 0.285572255 -0.203360308 -0.64294732 0.7045602 0.221038441
142240 6.167431539 6.63467693 0.285721135 -0.204364446 -0.645519345 0.701541941 0.222213532
142306 6.198192415 6.621051973 0.285484881 -0.200064822 -0.647691038 0.700086841 0.224384881
142372 6.226661341 6.604954807 0.285534048 -0.195465942 -0.649660781 0.699568911 0.224359524
142438 6.254131752 6.58589681 0.285896747 -0.193056577 -0.649575835 0.701590775 0.220342115
142504 6.279850904 6.563421043 0.285738661 -0.192081877 -0.647792988 0.704460868 0.217263955
142570 6.304595489 6.537887345 0.284504341 -0.191323603 -0.646500894 0.706347448 0.21565054
142636 6.328851959 6.509474658 0.282518229 -0.191067688 -0.644700797 0.709000924 0.212535973
142702 6.352030725 6.478460668 0.279643952 -0.19121925 -0.640936707 0.713289107 0.209412985
142768 6.37405416 6.445432201 0.278149122 -0.193399847 -0.63761093 0.716460981 0.206718171
142834 6.394155971 6.412100485 0.279078354 -0.197015551 -0.637778297 0.715232929 0.207039644
142900 6.413642819 6.381911272 0.28129038 -0.196905159 -0.642295116 0.710949892 0.207931705
142966 6.433488511 6.353756429 0.285232402 -0.193288052 -0.642280191 0.712016031 0.207722839
143032 6.452529011 6.327002716 0.289850432 -0.192221424 -0.637005226 0.715751483 0.212072574
143098 6.471379444 6.303786292 0.293845139 -0.193180359 -0.633317935 0.716747383 0.218775687
143164 6.491200249 6.283754803 0.29699663 -0.192026438 -0.631800812 0.71721491 0.22261238
143230 6.51288493 6.265530614 0.298311003 -0.191935877 -0.6301436 0.717586019 0.226163586
143296 6.537732311 6.248833785 0.29730052 -0.194727279 -0.628639779 0.716798542 0.230419076
143362 6.566209324 6.234100901 0.293910194 -0.197956568 -0.628878743 0.714216594 0.23498773
143428 6.598332372 6.220690508 0.289779875 -0.201934259 -0.629899954 0.710859846 0.239011891
143494 6.634262538 6.208211652 0.286734763 -0.208885492 -0.630781358 0.707037001 0.242032887
143560 6.673762169 6.196227732 0.286072174 -0.21684659 -0.630278189 0.704768873 0.242956368
143626 6.715133257 6.184629761 0.287410413 -0.221586638 -0.629888231 0.703036435 0.244703489
143692 6.757194217 6.174025782 0.289804423 -0.224181155 -0.631121711 0.699926732 0.248053834
143758 6.799035547 6.164601711 0.29292275 -0.225776621 -0.632223739 0.698057555 0.249065641
143824 6.838150622 6.155287117 0.296289388 -0.227716277 -0.63216638 0.697922242 0.247821448
143890 6.873422683 6.145300563 0.298906855 -0.227209273 -0.631976716 0.698921048 0.245948663
143956 6.905015812 6.134307234 0.299830048 -0.222589633 -0.634000685 0.698847325 0.2451717
144022 6.934029914 6.121540327 0.299779352 -0.217633377 -0.636874044 0.698386778 0.243480957
144088 6.961297907 6.106289532 0.299186159 -0.214263293 -0.636705271 0.700670703 0.240329147
144154 6.986451699 6.08861544 0.29727182 -0.211688362 -0.634801643 0.703600438 0.239084189
144220 7.0102387 6.068986621 0.29400439 -0.209948109 -0.633450101 0.705830098 0.23762709
144286 7.033399417 6.04773056 0.290552224 -0.211897337 -0.63306868 0.706750189 0.234152902
144352 7.055635882 6.024915126 0.288196446 -0.216986007 -0.631760679 0.707163753 0.231764567
144418 7.077274685 6.000754198 0.287748891 -0.220240759 -0.628476881 0.709554917 0.230309689
144484 7.09891813 5.975537819 0.288961042 -0.223154848 -0.627051472 0.709461463 0.231673589
144550 7.122228352 5.951256993 0.291257893 -0.225183123 -0.632809797 0.703787912 0.231358807
144616 7.147412015 5.927227768 0.294887878 -0.22442828 -0.639148104 0.699570173 0.227427106
144682 7.172457277 5.903150467 0.297866031 -0.220585777 -0.637031879 0.70299484 0.226561823
144748 7.195998179 5.881220368 0.298971222 -0.217348118 -0.632685935 0.705871314 0.232838375
144814 7.219923673 5.862270845 0.298759715 -0.215237965 -0.63413767 0.703536824 0.237860801
144880 7.245443112 5.844843838 0.297831715 -0.215279029 -0.638009364 0.699536971 0.23926349
144946 7.272561709 5.827580985 0.296640078 -0.219364004 -0.637336117 0.697356944 0.243669869
145012 7.302723526 5.811012582 0.295540154 -0.224697728 -0.632658662 0.697653275 0.250067073
145078 7.337734305 5.795876423 0.294743546 -0.229001744 -0.627594179 0.699267026 0.254379961
145144 7.376996524 5.781070117 0.294177781 -0.233311337 -0.623069125 0.700509535 0.258140927
145210 7.419474519 5.766268304 0.295332025 -0.24036625 -0.621002091 0.699624036 0.259049567
145276 7.463823883 5.751344504 0.298609931 -0.246067953 -0.622371309 0.69729679 0.256673885
145342 7.507959917 5.73588566 0.302198979 -0.249605684 -0.624155311 0.694647137 0.256110296
145408 7.551419425 5.719847769 0.304784447 -0.251608525 -0.624459877 0.69397139 0.255238482
145474 7.593980455 5.703798461 0.305985595 -0.254129768 -0.626047681 0.692615772 0.252518573
145540 7.633643361 5.687063807 0.306450425 -0.252851543 -0.628774192 0.691476686 0.250138174
145606 7.668878458 5.66874262 0.305795221 -0.24682824 -0.631867074 0.690133176 0.252062842
145672 7.701612517 5.648797582 0.304529654 -0.241710977 -0.634329121 0.689138408 0.253555874
145738 7.732470369 5.626958622 0.302858306 -0.240162745 -0.635432594 0.688461184 0.254103253
145804 7.761163822 5.602415051 0.300749898 -0.241009583 -0.634658497 0.688441784 0.255285777
145870 7.788553557 5.575214991 0.298664447 -0.242614197 -0.631663894 0.690725825 0.255023352
145936 7.815278912 5.546023124 0.297023501 -0.245573044 -0.628654342 0.693079072 0.253236831
146002 7.84110522 5.514505793 0.296394954 -0.249182066 -0.627354534 0.692836358 0.2535986
146068 7.867054609 5.48210495 0.296419265 -0.252491771 -0.631097913 0.687471556 0.255628121
146134 7.895647825 5.451858103 0.297569211 -0.253535638 -0.640260301 0.679478645 0.253169325
146200 7.924017462 5.421460806 0.301641898 -0.253518883 -0.640508594 0.679824625 0.251625509
146266 7.949938633 5.393013785 0.306393148 -0.251701403 -0.632636601 0.685419343 0.258102254
146332 7.976144147 5.368889086 0.30955172 -0.248787353 -0.627435381 0.688162809 0.266198023
146398 8.003552341 5.346707602 0.310486512 -0.2469374 -0.62677829 0.686729258 0.273081784
146464 8.032554344 5.324065523 0.310419543 -0.247437449 -0.626022007 0.684898373 0.278899824
146530 8.064069491 5.300680902 0.309958179 -0.25077332 -0.622643904 0.684491428 0.284427134
146596 8.099498823 5.278561016 0.308896739 -0.256470337 -0.619605248 0.683161709 0.289140166
146662 8.138508079 5.258316159 0.308020298 -0.261793582 -0.616692159 0.681734883 0.293925395
146728 8.179658101 5.238604642 0.308856526 -0.267633622 -0.612883608 0.680371299 0.299734191
146794 8.22231659 5.218963152 0.311552626 -0.272277933 -0.61221826 0.677317874 0.30379884
146860 8.265046936 5.199671788 0.314982608 -0.276261881 -0.614925557 0.672176497 0.306144883
146926 8.305150469 5.180405328 0.319332306 -0.280819956 -0.61514807 0.669311761 0.307822381
146992 8.34105975 5.160958899 0.323700273 -0.282255153 -0.611283886 0.671064398 0.310381137
147058 8.373247 5.14160314 0.326110983 -0.278168426 -0.608591223 0.673324918 0.314439894
147124 8.40293375 5.121367749 0.326393225 -0.273902026 -0.610270828 0.67268079 0.316303065
147190 8.430364199 5.099036866 0.324768466 -0.27415334 -0.613695108 0.670181126 0.31476264
147256 8.45421413 5.07441759 0.321275183 -0.275303657 -0.614262408 0.669684531 0.313707192
147322 8.474329864 5.04771533 0.316302669 -0.27704996 -0.612583812 0.669775526 0.315253997
147388 8.493714576 5.019036334 0.311215865 -0.28211514 -0.611719296 0.668738937 0.314640414
147454 8.5129148 4.987459893 0.307982825 -0.288683938 -0.608943723 0.669740028 0.31192487
147520 8.531747178 4.954044451 0.307547431 -0.293120208 -0.605360195 0.671826036 0.310273034
147586 8.550529208 4.921427699 0.310303826 -0.29775722 -0.606687781 0.668837393 0.309720423
147652 8.570744249 4.891294087 0.316228743 -0.299648514 -0.609573275 0.666936796 0.306311003
147718 8.589209844 4.86311825 0.323489262 -0.297178331 -0.603325676 0.672065757 0.309854863
147784 8.60705641 4.838068481 0.329476135 -0.294336269 -0.594832413 0.675887071 0.320494066
147850 8.627214925 4.814505045 0.333885582 -0.291377666 -0.590337412 0.677836719 0.327319687
147916 8.648809097 4.790146007 0.335570695 -0.290579742 -0.588331283 0.677063369 0.333188691
147982 8.672520509 4.764546955 0.334718361 -0.292531449 -0.586697776 0.675358701 0.337789236
148048 8.699055199 4.738047682 0.331963534 -0.297019235 -0.58579571 0.672448555 0.341226812
148114 8.729013206 4.711107386 0.328441518 -0.301706198 -0.586189219 0.66879442 0.343612272
148180 8.762165711 4.683982177 0.32519211 -0.305380155 -0.586699115 0.66522978 0.346405035
148246 8.79811896 4.656422087 0.323705841 -0.309715803 -0.586967378 0.661912867 0.348448867
148312 8.835476677 4.628952682 0.32465358 -0.313643895 -0.588903548 0.658252076 0.348603172
148378 8.872320694 4.602442387 0.327562579 -0.317025308 -0.591995124 0.654356145 0.347641571
148444 8.9064639 4.577119718 0.330857852 -0.319233527 -0.592547185 0.652272106 0.348595521
148510 8.936917429 4.553113156 0.332635893 -0.31922242 -0.591169475 0.651712575 0.351975024
148576 8.963693557 4.530308371 0.331958911 -0.316218342 -0.59247385 0.650097436 0.355462814
148642 8.986892646 4.507028701 0.329556928 -0.313854519 -0.597372085 0.64611656 0.356616154
148708 9.006984286 4.482462545 0.32634206 -0.314567239 -0.603423402 0.641760246 0.353654121
148774 9.023354983 4.456263799 0.322538092 -0.315293718 -0.605967194 0.640970674 0.350071683
148840 9.036176672 4.429216687 0.317624535 -0.315599077 -0.605721106 0.642157471 0.348041587
148906 9.047157801 4.402594488 0.31127056 -0.317905482 -0.605822637 0.642579488 0.34497314
148972 9.057626012 4.376386871 0.305522546 -0.321259948 -0.605211684 0.644531848 0.33924817
149038 9.067404452 4.350538281 0.303255125 -0.324870904 -0.602062098 0.647821955 0.335121917
149104 9.078210378 4.327957111 0.304156828 -0.32815713 -0.60263541 0.646392983 0.333645556
149170 9.090070577 4.309529121 0.307084821 -0.32727949 -0.605217513 0.64417247 0.334128309
149236 9.10228954 4.293148442 0.310697975 -0.322736826 -0.601153744 0.647642441 0.339136787
149302 9.116181226 4.279176862 0.312926793 -0.320472149 -0.596612005 0.6491444 0.346356934
149368 9.133001199 4.267532248 0.31327588 -0.31994477 -0.595947765 0.648002326 0.350106491
149434 9.152446886 4.257109333 0.312129615 -0.321425699 -0.596601995 0.645418684 0.352400546
149500 9.174792534 4.247680192 0.310321339 -0.325287109 -0.597147356 0.641738135 0.354648415
149566 9.200709934 4.239803348 0.308085693 -0.328193461 -0.59722744 0.639089511 0.356613171
149632 9.229375973 4.233248188 0.305870813 -0.330730952 -0.597539022 0.636296511 0.358735039
149698 9.259787754 4.227408666 0.304765758 -0.333030866 -0.598254433 0.634280153 0.358985698
149764 9.289658269 4.222232814 0.305539761 -0.334453287 -0.599725643 0.63277149 0.35786919
149830 9.317390001 4.217792426 0.307747091 -0.335316163 -0.600777388 0.631765634 0.35707392
149896 9.341990869 4.214862012 0.310745227 -0.335615794 -0.600708196 0.631753163 0.356930856
149962 9.36359068 4.214822932 0.313686619 -0.334335349 -0.601125171 0.633124464 0.354995364
150028 9.38179752 4.217599221 0.315952496 -0.33134096 -0.602771497 0.635915011 0.34998798
150094 9.395994325 4.222506947 0.31617729 -0.326198839 -0.603798693 0.63951449 0.346471318
150160 9.40698756 4.229139714 0.314668661 -0.320861976 -0.605307087 0.642119011 0.343997236
150226 9.415546514 4.237234961 0.313329681 -0.317508698 -0.608246324 0.642723173 0.340780566
150292 9.422421003 4.246029462 0.313257174 -0.314146832 -0.609878858 0.644993385 0.336664429
150358 9.427493979 4.254680636 0.314099603 -0.310735442 -0.609395009 0.648580608 0.333802833
150424 9.430633253 4.262899387 0.314749603 -0.308327682 -0.609240996 0.649845971 0.333855689
150490 9.432598064 4.270035813 0.31445707 -0.306145721 -0.609676428 0.649411219 0.335908499
150556 9.434986871 4.275696325 0.313384614 -0.30358162 -0.610201796 0.649888567 0.336358132
150622 9.437732468 4.279892057 0.312353188 -0.302837364 -0.611026694 0.650359515 0.334616771
150688 9.440404453 4.282666698 0.311351777 -0.303440774 -0.612359591 0.649908423 0.332503302
150754 9.442370523 4.284221944 0.310295909 -0.303950127 -0.613202984 0.649095213 0.332072013
150820 9.443556564 4.285083076 0.308959666 -0.303504788 -0.613717866 0.64833059 0.333020526
150886 9.444716194 4.285352912 0.30743424 -0.302495704 -0.614764525 0.6475956 0.333437921
150952 9.445768277 4.284628005 0.306449999 -0.302299758 -0.615469479 0.647327123 0.332835943
151018 9.446786433 4.28287051 0.30621956 -0.30291611 -0.615682158 0.647709444 0.331134069
151084 9.447424974 4.280692883 0.306000285 -0.303916465 -0.615898623 0.647398864 0.330421513
151150 9.44822393 4.278394939 0.305590361 -0.30408198 -0.616185167 0.647098456 0.330323443
151216 9.449103928 4.276004249 0.305246849 -0.303717547 -0.616530541 0.647046688 0.330115625
151282 9.449554222 4.273307572 0.305048994 -0.304433339 -0.617058767 0.646287115 0.329957226
151348 9.449919908 4.270382862 0.30508392 -0.305927216 -0.617361957 0.645578554 0.329395011
151414 9.450102401 4.26746149 0.305274032 -0.307134895 -0.617194536 0.645311629 0.329107817
151480 9.450008916 4.264644834 0.305492528 -0.308126603 -0.616814226 0.645031554 0.329442714
151546 9.449735704 4.261997303 0.305741874 -0.308929902 -0.616691854 0.644491697 0.329975635
151612 9.449179202 4.259490589 0.3059058 -0.309373359 -0.616521634 0.64390621 0.331019605
151678 9.448629258 4.257356848 0.305967544 -0.310079687 -0.616360678 0.643068189 0.332285121
151744 9.44834134 4.255755858 0.306103402 -0.310834631 -0.616143016 0.642773453 0.332553601
151810 9.448034656 4.25456692 0.306210486 -0.312000137 -0.615542585 0.642579516 0.332948653
151876 9.447577564 4.253601517 0.306299691 -0.313027176 -0.614924586 0.642442283 0.33339113
151942 9.447322579 4.252863033 0.306360095 -0.313718969 -0.614441647 0.642433617 0.333647892
152008 9.447438923 4.252392458 0.30632872 -0.314170608 -0.614077265 0.642494256 0.333776978
152074 9.447689164 4.252034286 0.306272137 -0.314637689 -0.613495346 0.642762189 0.333891224
152140 9.44807492 4.251731731 0.306228594 -0.315239953 -0.613068874 0.642836791 0.333962853
152206 9.448652224 4.251625692 0.306237017 -0.315724429 -0.612570792 0.64284824 0.334396838
152272 9.449393715 4.251710791 0.306223139 -0.315542913 -0.611881486 0.643180574 0.335190186
152338 9.450012033 4.251893024 0.306156316 -0.315360948 -0.611119023 0.643464803 0.336205375
152404 9.450672251 4.252034876 0.305962155 -0.315093423 -0.610622577 0.643874471 0.336573719
152470 9.451126259 4.252255588 0.305530277 -0.315595838 -0.610848439 0.643185503 0.337010179
152536 9.451501394 4.252554997 0.304972728 -0.316291142 -0.6112384 0.642455278 0.337044121
152602 9.451663818 4.252969645 0.304323919 -0.317236622 -0.611537342 0.641599246 0.337243836
