100000 10.706371 5.656325 0.315756 -0.26075 -0.611516 0.687134 0.293093
100066 10.7053538 5.6557504 0.3155994 -0.2604756 -0.6116172 0.6869746 0.2935016
100132 10.7046046 5.6551986 0.3153152 -0.2597686 -0.6116014 0.68704 0.294007
100198 10.703847 5.6543752 0.3151012 -0.259163 -0.61165 0.6871224 0.294248
100264 10.703097 5.6532024 0.3149768 -0.2584824 -0.6118414 0.6871962 0.2942762
100330 10.702489 5.651438 0.314871 -0.25751 -0.611791 0.68763 0.294219
100396 10.7019344 5.648778 0.31469 -0.2566402 -0.6120226 0.6877024 0.2943298
100462 10.701215 5.6445414 0.3147716 -0.2558482 -0.6119472 0.688033 0.2944026
100528 10.7004494 5.638107 0.3152488 -0.255751 -0.6119754 0.6881954 0.2940488
100594 10.6997616 5.6290116 0.3159736 -0.2558508 -0.6117246 0.688571 0.293604
100660 10.69868 5.61755 0.316762 -0.255718 -0.610965 0.689169 0.2939
100726 10.696934 5.6041238 0.317545 -0.25594 -0.6100262 0.689765 0.294257
100792 10.6942396 5.5893434 0.3182208 -0.2567014 -0.6091546 0.690344 0.2940408
100858 10.6901706 5.5742124 0.318785 -0.2576578 -0.6086958 0.6909712 0.292678
100924 10.6837602 5.5588568 0.3192796 -0.2583922 -0.6081768 0.6913364 0.2922468
100990 10.674884 5.542944 0.319426 -0.257887 -0.608308 0.691278 0.29256
101056 10.663691 5.5260854 0.3191682 -0.2567824 -0.6096354 0.691017 0.2913814
101122 10.649702 5.507913 0.3186012 -0.256294 -0.610664 0.6916146 0.288222
101188 10.6319836 5.4886302 0.3176366 -0.2565874 -0.6103466 0.6931672 0.2848838
101254 10.6105514 5.4687578 0.3165158 -0.256995 -0.6093174 0.6951434 0.2818894
101320 10.585542 5.448336 0.315892 -0.256355 -0.606906 0.698124 0.280303
101386 10.5571116 5.427513 0.316812 -0.2548032 -0.6030448 0.7014938 0.281635
101452 10.5267368 5.4065746 0.3197254 -0.2517112 -0.5987748 0.705051 0.284628
101518 10.4970258 5.3861384 0.3234996 -0.2482856 -0.5988042 0.7055764 0.286269
101584 10.4688932 5.3655784 0.3269538 -0.244059 -0.6029856 0.7033896 0.2865072
101650 10.442298 5.344021 0.329522 -0.23984 -0.60599 0.70236 0.286259
101716 10.4176028 5.3211992 0.3307262 -0.2384488 -0.6069732 0.7020538 0.2860876
101782 10.3941204 5.2967766 0.3305108 -0.2375014 -0.6071686 0.702358 0.2857136
101848 10.3704012 5.2701354 0.3287414 -0.2353212 -0.6070944 0.703021 0.2860462
101914 10.3461346 5.2408008 0.326089 -0.2337978 -0.607763 0.7028494 0.2862966
101980 10.32141 5.208087 0.32382 -0.234758 -0.606742 0.703222 0.286761
102046 10.2964108 5.1726506 0.3222114 -0.2362126 -0.6033308 0.7052684 0.2877354
102112 10.270613 5.13532 0.321601 -0.2380138 -0.5980504 0.7078138 0.2910068
102178 10.2449158 5.0968892 0.3228514 -0.240168 -0.593715 0.7096464 0.2936392
102244 10.2197188 5.0588704 0.3245602 -0.243341 -0.5937232 0.7079394 0.2951268
102310 10.194309 5.022141 0.325599 -0.248319 -0.595231 0.704857 0.295321
102376 10.1679024 4.9874754 0.3247674 -0.2525004 -0.5975524 0.701482 0.2951234
102442 10.1404736 4.9550534 0.3220548 -0.2556058 -0.6031156 0.696036 0.2940254
102508 10.1109072 4.9232058 0.3187918 -0.258364 -0.606198 0.6929654 0.2925262
102574 10.0784524 4.8913992 0.315053 -0.259871 -0.604111 0.6946826 0.2914322
102640 10.04307 4.859917 0.310609 -0.259959 -0.601311 0.697574 0.290236
102706 10.004894 4.8286728 0.3062554 -0.2585044 -0.6002298 0.6998212 0.2883572
102772 9.963824 4.7971714 0.303268 -0.2558098 -0.5987378 0.7025274 0.2872798
102838 9.920506 4.765293 0.303191 -0.2528618 -0.597909 0.7045126 0.2867536
102904 9.878144 4.7334426 0.3053374 -0.2494458 -0.6019322 0.702955 0.285147
102970 9.838176 4.700684 0.307629 -0.242477 -0.607076 0.700986 0.285099
103036 9.8011566 4.6664288 0.3088094 -0.2346574 -0.6098218 0.7007564 0.2863456
103102 9.7674 4.6308374 0.3087882 -0.2300134 -0.6120354 0.7010618 0.2846372
103168 9.7353544 4.593858 0.306687 -0.2278994 -0.6146994 0.7005332 0.281885
103234 9.7037328 4.5548424 0.3025552 -0.226671 -0.6154104 0.7005974 0.281165
103300 9.672574 4.5136 0.297817 -0.229007 -0.613728 0.70063 0.282862
103366 9.642763 4.4710308 0.2940122 -0.2344496 -0.6110522 0.7001066 0.2854792
103432 9.6130284 4.4278696 0.2930338 -0.2402322 -0.6074188 0.6995684 0.2897136
103498 9.5834668 4.386561 0.2956858 -0.2463896 -0.6070266 0.6965314 0.2926694
103564 9.553963 4.347719 0.3000312 -0.2531136 -0.6061786 0.6940892 0.2944846
103630 9.525609 4.311698 0.302928 -0.257064 -0.604907 0.693667 0.294671
103696 9.4975928 4.27744 0.3028266 -0.258191 -0.6060904 0.6922674 0.2945458
103762 9.4687564 4.2432996 0.3006316 -0.2587546 -0.6084386 0.6904132 0.2935612
103828 9.4377334 4.2082758 0.297284 -0.2587702 -0.6080938 0.691141 0.2925478
103894 9.4042308 4.1729578 0.2933836 -0.25739 -0.6061104 0.6942064 0.2906174
103960 9.367927 4.137741 0.289491 -0.253954 -0.603502 0.698702 0.288285
104026 9.3292054 4.1026242 0.2864934 -0.2504064 -0.60087 0.703129 0.286114
104092 9.2889192 4.06725 0.2861178 -0.2473784 -0.600082 0.705506 0.2845474
104158 9.249595 4.0320996 0.288652 -0.245672 -0.6042718 0.703354 0.2824784
104224 9.2131576 3.9978186 0.2912016 -0.241765 -0.6098832 0.7002366 0.281532
104290 9.178807 3.963514 0.292041 -0.236102 -0.611638 0.699693 0.283873
104356 9.1466892 3.928672 0.2911808 -0.231867 -0.61372 0.6989476 0.2847058
104422 9.1161426 3.892667 0.288474 -0.2295048 -0.6176294 0.696731 0.2835968
104488 9.0861324 3.8541814 0.284378 -0.227459 -0.6188118 0.696836 0.2824076
104554 9.056406 3.8131602 0.2794102 -0.22613 -0.6171014 0.6987132 0.2825786
104620 9.027266 3.769968 0.274495 -0.226336 -0.614535 0.700542 0.283479
104686 8.9977164 3.7245208 0.2716078 -0.2291128 -0.6100454 0.702514 0.2860514
104752 8.9677828 3.6793064 0.2719622 -0.2344778 -0.607888 0.7016926 0.2883048
104818 8.9378814 3.6371654 0.2739698 -0.2413484 -0.6107458 0.6961562 0.2900116
104884 8.9078394 3.5980008 0.276182 -0.2472764 -0.6133282 0.6916976 0.2902354
104950 8.87784 3.561659 0.276636 -0.249563 -0.616185 0.689037 0.288553
105016 8.846191 3.5258768 0.2747922 -0.2504092 -0.6172772 0.6881318 0.2876428
105082 8.8128956 3.4899498 0.2712308 -0.251518 -0.6169744 0.6890366 0.2851492
105148 8.777058 3.4538208 0.2666266 -0.251606 -0.6152418 0.6919592 0.2817166
105214 8.7374774 3.4172248 0.2620842 -0.2487812 -0.611794 0.6968578 0.2796518
105280 8.694524 3.380511 0.258912 -0.244298 -0.608598 0.701334 0.279387
105346 8.6500764 3.3438034 0.2590562 -0.2407476 -0.6085826 0.7031806 0.2778562
105412 8.60692 3.3081978 0.2619422 -0.2382306 -0.6140372 0.7008702 0.2738352
105478 8.5667426 3.2739472 0.2649368 -0.232969 -0.6206496 0.6979792 0.270822
105544 8.529004 3.2404424 0.2664694 -0.2273168 -0.6249544 0.6955872 0.2718782
105610 8.493792 3.20706 0.267011 -0.224933 -0.627885 0.693495 0.272451
105676 8.4596706 3.1735038 0.2661736 -0.223638 -0.6287308 0.6932728 0.2721344
105742 8.425926 3.139216 0.2636646 -0.2219788 -0.6268296 0.695375 0.2725126
105808 8.3932226 3.1034798 0.260618 -0.2217934 -0.6238148 0.6978996 0.2731282
105874 8.3620546 3.065853 0.2582814 -0.2225332 -0.620833 0.7001614 0.2735314
105940 8.331396 3.026363 0.257748 -0.223246 -0.616562 0.702961 0.275423
106006 8.3017582 2.987274 0.259616 -0.2257672 -0.61572 0.7029444 0.275293
106072 8.2718364 2.9505604 0.2630622 -0.2317948 -0.6169698 0.7004228 0.2739108
106138 8.2408488 2.916526 0.266736 -0.2372076 -0.6152164 0.700835 0.2721622
106204 8.2094774 2.8857314 0.2683302 -0.2402618 -0.616293 0.69938 0.2707842
106270 8.177356 2.856295 0.267083 -0.241271 -0.619246 0.69662 0.270265
106336 8.144269 2.8267706 0.26388 -0.2414966 -0.619347 0.696388 0.2704304
106402 8.1107236 2.798002 0.2596558 -0.2397106 -0.6180228 0.6987994 0.2688232
106468 8.074568 2.7698924 0.2550644 -0.2350306 -0.6148676 0.7033584 0.2683008
106534 8.0351632 2.7418732 0.2521064 -0.2311338 -0.6103804 0.7086618 0.2679756
106600 7.993351 2.714401 0.251968 -0.228713 -0.608984 0.711278 0.266294
106666 7.9510868 2.6878736 0.2532142 -0.2263338 -0.6127946 0.7089738 0.265728
106732 7.9113728 2.6621062 0.2542652 -0.2213826 -0.6178992 0.7062172 0.2654194
106798 7.8757124 2.6373782 0.2544278 -0.2160714 -0.6234044 0.7034664 0.2642242
106864 7.8440634 2.6127524 0.2548706 -0.2157398 -0.6289178 0.7002036 0.2600662
106930 7.814427 2.587219 0.255561 -0.217129 -0.63159 0.699081 0.25541
106996 7.7855904 2.5607256 0.2546738 -0.2160796 -0.6314394 0.7002322 0.2535136
107062 7.758367 2.5323122 0.2523328 -0.2142524 -0.6295018 0.702693 0.2530742
107128 7.7325884 2.500641 0.249407 -0.2131252 -0.626075 0.7058866 0.2536368
107194 7.7071524 2.4651034 0.2462072 -0.2114772 -0.621725 0.7097302 0.2549864
107260 7.682012 2.426148 0.243145 -0.209998 -0.618553 0.712465 0.256296
107326 7.6570236 2.3845556 0.2415718 -0.2113322 -0.6159902 0.7138542 0.2575014
107392 7.6330434 2.3437884 0.2419026 -0.2158166 -0.6178934 0.7113072 0.2562654
107458 7.6092618 2.30516 0.2442286 -0.2229628 -0.6208462 0.7070086 0.2549034
107524 7.585528 2.2693158 0.2470294 -0.227717 -0.6216506 0.705349 0.2533356
107590 7.562069 2.23642 0.248238 -0.228729 -0.623721 0.703531 0.252388
107656 7.53757 2.20398 0.2481198 -0.2285262 -0.6242814 0.7031818 0.2521592
107722 7.5111896 2.1713674 0.2467866 -0.2292644 -0.623031 0.7041554 0.2518646
107788 7.482523 2.1393042 0.244016 -0.2293148 -0.621791 0.7056726 0.2506328
107854 7.4509562 2.1078534 0.2402002 -0.2274194 -0.6201456 0.708146 0.2494586
107920 7.417208 2.077544 0.235906 -0.225137 -0.618044 0.710997 0.248633
107986 7.3822986 2.048298 0.2330378 -0.2240962 -0.615199 0.7141808 0.2475014
108052 7.3483148 2.0207848 0.232496 -0.223887 -0.6166442 0.7139084 0.2448658
108118 7.316635 1.995028 0.2332476 -0.2215614 -0.6224196 0.710769 0.241479
108184 7.2860972 1.9701166 0.2337636 -0.219016 -0.6268656 0.7071036 0.2430544
108250 7.256839 1.946278 0.234073 -0.218336 -0.629708 0.704107 0.245011
108316 7.2274418 1.9233858 0.2335086 -0.2177634 -0.6301056 0.7033054 0.2467926
108382 7.1974 1.900981 0.2316328 -0.2173526 -0.6283076 0.7042074 0.2491568
108448 7.1671338 1.878688 0.2287648 -0.2187628 -0.6269196 0.7042596 0.2512626
108514 7.1357918 1.8564928 0.2249224 -0.2208634 -0.6261634 0.7026252 0.255844
108580 7.103179 1.83479 0.22165 -0.223075 -0.624678 0.700989 0.261972
108646 7.0718558 1.8159104 0.2201896 -0.226851 -0.6267942 0.6970714 0.2641178
108712 7.040841 1.8010754 0.219844 -0.2308458 -0.6286302 0.6937624 0.2650062
108778 7.0101236 1.7907192 0.2200776 -0.2342272 -0.628994 0.6927056 0.2639378
108844 6.9795674 1.7847912 0.2207824 -0.2384138 -0.629123 0.6926214 0.2600736
108910 6.946235 1.783061 0.221075 -0.24351 -0.62685 0.693629 0.258149
108976 6.9101308 1.7868834 0.2198568 -0.2462708 -0.6239534 0.6954826 0.2575608
109042 6.8719992 1.7962242 0.2172736 -0.2458802 -0.622191 0.697524 0.256676
109108 6.8313006 1.8101842 0.2137896 -0.243675 -0.6225408 0.6977888 0.2572084
109174 6.7885478 1.8277454 0.2103816 -0.2381176 -0.623656 0.698212 0.2585602
109240 6.745659 1.848303 0.208429 -0.230138 -0.626689 0.698855 0.256709
109306 6.703636 1.869717 0.2087696 -0.224015 -0.6326414 0.6975312 0.2510624
109372 6.6631676 1.8897186 0.2100152 -0.2189056 -0.6391344 0.6954156 0.2449166
109438 6.6241218 1.9071704 0.2104782 -0.2134748 -0.6443448 0.6932582 0.2421588
109504 6.587133 1.9215138 0.2113534 -0.2128564 -0.647559 0.6914856 0.23918
109570 6.551079 1.933359 0.212383 -0.216088 -0.647835 0.691301 0.23605
109636 6.5141858 1.944234 0.2112854 -0.2177736 -0.6460036 0.692478 0.2360678
109702 6.4765534 1.9543756 0.208222 -0.2186618 -0.6446052 0.6926874 0.2384426
109768 6.4384528 1.9633672 0.204261 -0.220135 -0.6435394 0.691676 0.242862
109834 6.399613 1.9707612 0.200434 -0.2227918 -0.6408708 0.6906838 0.2502082
109900 6.359852 1.976984 0.197848 -0.226541 -0.636798 0.689344 0.260717
109966 6.3199926 1.983703 0.1979932 -0.230834 -0.6339044 0.6867562 0.270642
110032 6.2816838 1.992454 0.2005356 -0.2369308 -0.6340018 0.6823968 0.2761164
110098 6.244427 2.0018546 0.2038084 -0.2425108 -0.6302318 0.6820902 0.2806234
110164 6.2100682 2.0128568 0.2057634 -0.2481818 -0.6280004 0.6813308 0.282505
110230 6.177053 2.0253 0.206182 -0.254272 -0.627442 0.679357 0.283084
110296 6.1443526 2.0391128 0.205411 -0.2581512 -0.6258214 0.6789904 0.2840384
110362 6.1138482 2.0555198 0.2040332 -0.2582674 -0.6257298 0.6802538 0.2810958
110428 6.0840612 2.0750442 0.2020946 -0.2551468 -0.626472 0.681951 0.2781648
110494 6.0537978 2.0981094 0.199742 -0.2489064 -0.6263636 0.6848856 0.2768496
110560 6.023447 2.124654 0.19774 -0.242436 -0.626139 0.688176 0.274933
110626 5.9931418 2.154322 0.196571 -0.2352206 -0.6282394 0.6899318 0.2719926
110692 5.9614696 2.1850738 0.1971626 -0.228928 -0.632799 0.6886566 0.2700182
110758 5.9298694 2.2153908 0.1987824 -0.2240866 -0.6387544 0.6857718 0.2673842
110824 5.8990944 2.2436132 0.199753 -0.2182126 -0.642337 0.6849096 0.265868
110890 5.868969 2.267604 0.200327 -0.214952 -0.642857 0.685498 0.265749
110956 5.8400038 2.287121 0.2019532 -0.2190026 -0.6425778 0.685432 0.2632758
111022 5.8109764 2.304045 0.203254 -0.2237324 -0.641631 0.6862394 0.2594772
111088 5.7801548 2.31936 0.2023752 -0.2243262 -0.6395046 0.688222 0.258962
111154 5.7475038 2.3325196 0.1999408 -0.2253518 -0.6371644 0.6891994 0.261232
111220 5.713792 2.343471 0.197114 -0.227986 -0.63562 0.689021 0.263172
111286 5.679328 2.3530092 0.1942988 -0.2309632 -0.6347678 0.6876246 0.2662672
111352 5.6441922 2.3618942 0.192477 -0.2336374 -0.6323218 0.686671 0.2721508
111418 5.6099502 2.371818 0.1930652 -0.2381216 -0.6331322 0.6826222 0.2765294
111484 5.5768292 2.382301 0.1961364 -0.2438298 -0.6350082 0.6775882 0.2796174
111550 5.545658 2.393966 0.198862 -0.245294 -0.633256 0.677471 0.282577
111616 5.5175866 2.4078508 0.2002096 -0.2468012 -0.6320526 0.6781636 0.2822994
111682 5.4895974 2.4233888 0.2012912 -0.2514556 -0.6306628 0.6783884 0.280754
111748 5.460723 2.4419742 0.2022048 -0.2543332 -0.627124 0.6812736 0.279099
111814 5.4322698 2.4658072 0.2021498 -0.252094 -0.6230224 0.686946 0.2763994
111880 5.404469 2.495401 0.20159 -0.24632 -0.619649 0.692911 0.274294
111946 5.3771948 2.5299096 0.2024222 -0.239139 -0.6154676 0.6998634 0.2724008
112012 5.3494214 2.567956 0.2048702 -0.230975 -0.6109196 0.7070594 0.2711002
112078 5.3207618 2.6069438 0.2087696 -0.225767 -0.6100322 0.7099946 0.269811
112144 5.2926332 2.64454 0.2116074 -0.2234072 -0.615361 0.706989 0.267556
112210 5.265412 2.678842 0.21141 -0.220263 -0.622519 0.701645 0.267674
112276 5.239344 2.7079416 0.2107052 -0.2180642 -0.6253506 0.69955 0.2683548
112342 5.215026 2.7322194 0.2115706 -0.220013 -0.6251866 0.7003414 0.265061
112408 5.1907572 2.7534426 0.2121786 -0.2228198 -0.6257298 0.7003232 0.26146
112474 5.1645422 2.7726866 0.211036 -0.2229184 -0.6259814 0.6998174 0.2621268
112540 5.135563 2.790196 0.208524 -0.222023 -0.623924 0.700247 0.266606
112606 5.1047256 2.8072426 0.2044408 -0.2214998 -0.623071 0.6998802 0.2699772
112672 5.0717586 2.8241946 0.1992026 -0.2224248 -0.624934 0.6972118 0.2718092
112738 5.03634 2.840596 0.1936716 -0.223304 -0.6272962 0.6928716 0.2767018
112804 5.000205 2.8569042 0.1899876 -0.2240112 -0.628581 0.6882866 0.2845446
112870 4.966466 2.874271 0.190716 -0.226356 -0.630485 0.684478 0.28765
112936 4.9351234 2.8918966 0.1953126 -0.2300748 -0.629553 0.6840796 0.2876856
113002 4.907071 2.9097426 0.2001544 -0.2303782 -0.6272316 0.6862424 0.2873634
113068 4.8817446 2.928069 0.2041558 -0.2298042 -0.6270758 0.687182 0.285914
113134 4.8563374 2.9472084 0.2063918 -0.2281882 -0.6267442 0.688316 0.2852074
113200 4.831112 2.968896 0.20659 -0.224687 -0.626563 0.690482 0.28314
113266 4.8058722 2.9942814 0.2055508 -0.2202256 -0.6254046 0.6946678 0.278939
113332 4.7792856 3.0235626 0.2035342 -0.2157936 -0.6229522 0.6998452 0.274919
113398 4.7502424 3.0571426 0.2004904 -0.2124584 -0.6212148 0.7032438 0.2727668
113464 4.7197924 3.0954896 0.1970764 -0.2083888 -0.623688 0.7030808 0.270675
113530 4.688215 3.135872 0.195697 -0.205952 -0.627917 0.700457 0.269564
113596 4.657897 3.1747918 0.1972366 -0.2064034 -0.630852 0.69902 0.266072
113662 4.6288818 3.210703 0.199225 -0.2058316 -0.6331988 0.6984616 0.262382
113728 4.6001554 3.2415474 0.201101 -0.2065522 -0.6344432 0.697864 0.2603904
113794 4.571919 3.2675296 0.2033686 -0.2110778 -0.6344586 0.6971806 0.2585506
113860 4.543042 3.290436 0.204847 -0.213748 -0.631951 0.698441 0.259094
113926 4.5133046 3.3108612 0.2048276 -0.2135254 -0.6270304 0.702149 0.2612014
113992 4.48351 3.3287918 0.2032924 -0.2139496 -0.6226666 0.7056602 0.2618302
114058 4.4534846 3.3448934 0.1993168 -0.2155632 -0.621661 0.7061344 0.2616198
114124 4.421629 3.3592126 0.193038 -0.2162274 -0.6224808 0.703789 0.265413
114190 4.388687 3.37178 0.187058 -0.216913 -0.62364 0.70026 0.271399
114256 4.358383 3.385283 0.1845962 -0.2159922 -0.6302792 0.6949402 0.2704672
114322 4.3304996 3.3977904 0.1865182 -0.2169886 -0.6355886 0.6902376 0.2692858
114388 4.304842 3.4089776 0.1904658 -0.2140172 -0.6342594 0.6920848 0.270057
114454 4.2840798 3.4203632 0.1941306 -0.2107874 -0.6332832 0.6950112 0.2673588
114520 4.265397 3.432033 0.196858 -0.209686 -0.634396 0.695758 0.263618
114586 4.2454708 3.4443692 0.1982766 -0.2088118 -0.634684 0.6963346 0.2620914
114652 4.2251046 3.4592426 0.1986636 -0.2073502 -0.6357124 0.6968092 0.2594836
114718 4.2037974 3.4769848 0.1985058 -0.2055716 -0.6361094 0.6982286 0.2560896
114784 4.1800696 3.4976512 0.1976704 -0.2030798 -0.634077 0.7016652 0.2537138
114850 4.15425 3.522349 0.195581 -0.199922 -0.631995 0.705324 0.251258
114916 4.126172 3.5515852 0.191754 -0.197181 -0.6314918 0.7069294 0.250177
114982 4.0957748 3.5850724 0.1872092 -0.1940474 -0.632668 0.7067012 0.2503016
115048 4.0641362 3.6224556 0.1844518 -0.1906456 -0.6360744 0.7052546 0.248354
115114 4.0326482 3.661093 0.1844066 -0.1895784 -0.638923 0.704219 0.2447708
115180 4.002903 3.698975 0.185897 -0.190409 -0.640851 0.703528 0.241045
115246 3.9746346 3.7339234 0.1875624 -0.1893816 -0.6432218 0.702599 0.2382344
115312 3.9473698 3.7634836 0.1893522 -0.1907692 -0.6446794 0.7018262 0.2354464
115378 3.9217406 3.7881096 0.1917262 -0.1958866 -0.645365 0.701321 0.230827
115444 3.8961868 3.8094844 0.193039 -0.1985622 -0.6442064 0.7023228 0.2287226
115510 3.870079 3.828138 0.192384 -0.197418 -0.641472 0.704535 0.230587
115576 3.843667 3.844295 0.1899674 -0.1957718 -0.6389184 0.7064386 0.23324
115642 3.8167824 3.8586014 0.1854 -0.1948366 -0.6387152 0.706634 0.2339866
115708 3.788516 3.8714842 0.1787312 -0.1946302 -0.6418614 0.704052 0.233331
115774 3.7573406 3.8823518 0.17157 -0.1947838 -0.6440354 0.7018654 0.2338006
115840 3.723244 3.892222 0.165983 -0.195897 -0.644313 0.700291 0.23681
115906 3.6884058 3.903584 0.1635148 -0.1970684 -0.6455876 0.6971054 0.2417124
115972 3.6540672 3.9161506 0.1652702 -0.2006876 -0.6478954 0.691926 0.247376
116038 3.6205932 3.9289906 0.1699308 -0.2031634 -0.6473934 0.688979 0.2547826
116104 3.5905234 3.942283 0.1759026 -0.2041904 -0.6452294 0.6895284 0.257946
116170 3.562822 3.955056 0.18142 -0.205794 -0.642826 0.69209 0.255803
116236 3.5357766 3.9679016 0.1836416 -0.2059906 -0.640348 0.6959392 0.2513772
116302 3.5097374 3.9830752 0.1820362 -0.2041132 -0.6408026 0.698393 0.24486
116368 3.4840566 4.001445 0.1788482 -0.2017534 -0.6434812 0.6994816 0.2365438
116434 3.4564766 4.022892 0.1761582 -0.1978724 -0.6442116 0.7018796 0.2306588
116500 3.427035 4.048143 0.174786 -0.192373 -0.642587 0.705821 0.227796
116566 3.3972792 4.0782638 0.1743394 -0.1853096 -0.6418872 0.7098474 0.2230634
116632 3.3671324 4.110913 0.1744574 -0.179443 -0.6423862 0.7124024 0.2182256
116698 3.337598 4.1430142 0.1757808 -0.1781756 -0.6448232 0.7124354 0.2118766
116764 3.3094802 4.1733622 0.177156 -0.1775788 -0.649265 0.7108662 0.2039346
116830 3.282216 4.199699 0.177012 -0.176887 -0.652681 0.709279 0.199102
116896 3.2561404 4.2205478 0.1767394 -0.1789344 -0.6534488 0.7089336 0.1959576
116962 3.2311428 4.2375644 0.1770692 -0.1805082 -0.6543642 0.7086888 0.192315
117028 3.2058306 4.2514338 0.1761924 -0.177796 -0.6546824 0.7092658 0.1916288
117094 3.1798224 4.2623262 0.1735802 -0.1727304 -0.6530286 0.7113884 0.1940216
117160 3.153438 4.271454 0.169365 -0.168955 -0.652333 0.712796 0.19452
117226 3.1262922 4.27964 0.1633986 -0.166585 -0.6543966 0.7119134 0.192856
117292 3.09687 4.2863056 0.1568208 -0.1650854 -0.656357 0.710412 0.193019
117358 3.0656328 4.2931214 0.1519192 -0.1642338 -0.6580524 0.7086838 0.194323
117424 3.0356216 4.3013762 0.1506652 -0.1638108 -0.6602818 0.706806 0.1939562
117490 3.007723 4.309238 0.153758 -0.164964 -0.659758 0.707336 0.192828
117556 2.9826448 4.3175096 0.1584198 -0.1622712 -0.6563792 0.711365 0.1918184
117622 2.9613338 4.3275458 0.1627226 -0.158528 -0.6554782 0.713724 0.1892476
117688 2.9409566 4.338246 0.1659574 -0.1571604 -0.654985 0.7152818 0.1861914
117754 2.9194 4.3513332 0.1667168 -0.1555572 -0.6552534 0.7162868 0.1826972
117820 2.897044 4.368347 0.165271 -0.153624 -0.657165 0.71626 0.177501
117886 2.8729892 4.3887082 0.1624354 -0.1519216 -0.6579606 0.716866 0.1735244
117952 2.846879 4.4124328 0.159254 -0.1491792 -0.6576516 0.7182276 0.171434
118018 2.8192274 4.4398206 0.1561748 -0.1444256 -0.6572976 0.7200306 0.1692834
118084 2.79058 4.4705084 0.152812 -0.1389642 -0.6587476 0.7205664 0.1659054
118150 2.760386 4.501955 0.150399 -0.13532 -0.662076 0.718371 0.165185
118216 2.7304012 4.5314318 0.1501316 -0.1342468 -0.6632958 0.7177028 0.1640712
118282 2.702573 4.5585764 0.1509962 -0.1343366 -0.6648842 0.7169232 0.1609468
118348 2.6763328 4.5813292 0.1516802 -0.1359546 -0.6657928 0.7164176 0.1580582
118414 2.6514716 4.5997692 0.1517994 -0.1389518 -0.6673194 0.7150852 0.1550146
118480 2.626962 4.614246 0.150922 -0.139701 -0.669305 0.713461 0.153256
118546 2.6018244 4.6243452 0.149716 -0.1378702 -0.6695236 0.7134314 0.1540954
118612 2.5761294 4.6308662 0.1490704 -0.1354 -0.6673034 0.7160076 0.153968
118678 2.5495302 4.6350452 0.1471434 -0.1316362 -0.664426 0.719483 0.153474
118744 2.5220116 4.6374242 0.142681 -0.1273996 -0.66376 0.7209282 0.1531476
118810 2.492885 4.637788 0.137405 -0.124963 -0.665041 0.71995 0.154196
118876 2.462347 4.6377292 0.1337612 -0.123233 -0.668559 0.71631 0.1572972
118942 2.4311536 4.6387922 0.133916 -0.1227468 -0.6716336 0.7127468 0.1607268
119008 2.4005472 4.640971 0.138015 -0.12626 -0.6713792 0.7117846 0.1633122
119074 2.3723466 4.6457508 0.1434074 -0.128829 -0.668028 0.7147436 0.1621196
119140 2.346138 4.653177 0.147678 -0.128126 -0.664163 0.719369 0.158047
119206 2.3198424 4.6613686 0.1498604 -0.12794 -0.6624174 0.7221306 0.1528432
119272 2.2918324 4.6711676 0.1491654 -0.1263406 -0.661712 0.7241104 0.1477802
119338 2.2620284 4.6844212 0.145705 -0.1230052 -0.661067 0.7265472 0.1413838
119404 2.2301548 4.7018374 0.1402554 -0.1198484 -0.6624876 0.727087 0.1345028
119470 2.196116 4.723211 0.134787 -0.115592 -0.665603 0.725861 0.129368
119536 2.1615654 4.7478438 0.1311496 -0.1103922 -0.6670074 0.726404 0.123499
119602 2.1264424 4.774063 0.1294186 -0.1025998 -0.6682222 0.726831 0.1211172
119668 2.0927344 4.7987196 0.1303816 -0.0950316 -0.6691952 0.7272596 0.119333
119734 2.0632568 4.820605 0.1329656 -0.0913304 -0.6714374 0.7264162 0.1146738
119800 2.038233 4.838486 0.135097 -0.092699 -0.673239 0.725102 0.111284
119866 2.017393 4.8525302 0.1362918 -0.0974778 -0.673373 0.7244874 0.1103858
119932 1.9988888 4.8632562 0.1366782 -0.102368 -0.6715166 0.7249482 0.1141752
119998 1.982046 4.8721238 0.136709 -0.1054182 -0.6683796 0.7260096 0.1227392
120064 1.9667698 4.8796482 0.1371336 -0.109683 -0.6624206 0.7289288 0.133528
120130 1.951654 4.887061 0.137624 -0.11611 -0.65555 0.73223 0.143567
120196 1.9368172 4.896991 0.1371084 -0.1232734 -0.654899 0.7308056 0.147764
120262 1.9220738 4.9100638 0.1353932 -0.1275114 -0.6576234 0.7281588 0.145111
120328 1.9061558 4.9241412 0.1332458 -0.1295906 -0.6594464 0.7273994 0.138661
120394 1.8875228 4.9371334 0.1312842 -0.1322444 -0.6587882 0.7291 0.1300814
120460 1.865165 4.950899 0.128236 -0.134591 -0.659714 0.729528 0.120212
120526 1.8388006 4.9679926 0.122387 -0.131876 -0.663831 0.727546 0.1123122
120592 1.8097508 4.9888564 0.1150826 -0.1217114 -0.6674004 0.7268846 0.1067734
120658 1.780456 5.0117742 0.1081568 -0.1109896 -0.66897 0.727779 0.102458
120724 1.7531562 5.0360086 0.1032674 -0.1021994 -0.6723904 0.7269978 0.094436
120790 1.729681 5.060946 0.100452 -0.09294 -0.680067 0.722797 0.080221
120856 1.7093498 5.0823522 0.0988572 -0.0853384 -0.687748 0.7177812 0.0671434
120922 1.6917194 5.0989734 0.0983154 -0.0837394 -0.6937634 0.7129622 0.0580096
120988 1.6757952 5.1118826 0.0970532 -0.0856022 -0.6963976 0.710414 0.0549022
121054 1.6611732 5.1233392 0.0945506 -0.0873264 -0.6967602 0.7096314 0.0576376
121120 1.647966 5.134201 0.092531 -0.088707 -0.695729 0.710184 0.061077
121186 1.6369702 5.1438222 0.0926758 -0.0905216 -0.6925506 0.7129896 0.0618444
121252 1.6290442 5.1517872 0.094427 -0.0922064 -0.6876312 0.7175922 0.0610154
121318 1.6240272 5.15843 0.0964484 -0.0937708 -0.6831218 0.7216012 0.0620018
121384 1.6219002 5.1651854 0.097698 -0.0938292 -0.6791388 0.7252236 0.0633824
121450 1.623141 5.174044 0.09705 -0.09149 -0.676574 0.72788 0.063783
121516 1.6281406 5.185946 0.0938702 -0.087586 -0.675401 0.7294922 0.0632714
121582 1.6362664 5.2011748 0.0890496 -0.0835188 -0.6765036 0.7290434 0.0621546
121648 1.6471114 5.22032 0.0842472 -0.0802126 -0.6793406 0.7270236 0.0591512
121714 1.6603404 5.2433912 0.0804258 -0.0783858 -0.680869 0.7259834 0.0567564
121780 1.675456 5.270353 0.078334 -0.075884 -0.679625 0.727646 0.053691
121846 1.691274 5.3005204 0.0770092 -0.0707982 -0.6778158 0.7300772 0.0504002
121912 1.7063174 5.3319466 0.075881 -0.0646126 -0.6794174 0.7293482 0.047624
121978 1.7194946 5.361751 0.075959 -0.0606436 -0.6843292 0.7252776 0.0445842
122044 1.7291434 5.3869112 0.0774396 -0.0585096 -0.6872426 0.722688 0.04468
122110 1.734904 5.406744 0.08035 -0.057178 -0.685558 0.724138 0.048636
122176 1.7375962 5.4233872 0.0831864 -0.0562444 -0.6827186 0.7265074 0.054026
122242 1.738463 5.438749 0.085204 -0.0555634 -0.6826128 0.7263838 0.0576074
122308 1.7379342 5.452369 0.0871278 -0.0536498 -0.682105 0.7268916 0.05902
122374 1.737581 5.464673 0.0887944 -0.0505336 -0.6807054 0.7286264 0.0564762
122440 1.738921 5.476686 0.08983 -0.048956 -0.681433 0.728467 0.050876
122506 1.7406912 5.4876368 0.0891672 -0.0505072 -0.6821536 0.7278346 0.0487032
122572 1.7422228 5.499336 0.08692 -0.0530858 -0.6836934 0.726161 0.049352
122638 1.743714 5.5132242 0.0844682 -0.055092 -0.6867758 0.7230564 0.0499334
122704 1.7446306 5.528125 0.0831368 -0.0558016 -0.6874962 0.7222026 0.0515634
122770 1.745183 5.543449 0.084028 -0.055472 -0.683716 0.725725 0.052718
122836 1.7454668 5.5601362 0.0870224 -0.0553286 -0.6780008 0.7312538 0.0502106
122902 1.744971 5.579769 0.0903532 -0.0558722 -0.674311 0.7349042 0.045819
122968 1.7438398 5.6029212 0.0929788 -0.055598 -0.67258 0.7367684 0.0414484
123034 1.742318 5.628579 0.095266 -0.0535864 -0.671466 0.7381262 0.037837
123100 1.740589 5.655177 0.097997 -0.053023 -0.674045 0.73592 0.035686
123166 1.7387026 5.6812942 0.1011086 -0.0538918 -0.6789942 0.7313176 0.0351678
123232 1.7366906 5.705571 0.1036646 -0.0544528 -0.6815314 0.72878 0.0378184
123298 1.7353874 5.7284564 0.1056338 -0.0563322 -0.6818642 0.7280394 0.04298
123364 1.7365732 5.7507456 0.107731 -0.0608842 -0.6817502 0.7275222 0.047127
123430 1.740727 5.772282 0.109761 -0.066907 -0.680758 0.727642 0.051287
123496 1.747995 5.793147 0.1108924 -0.0719466 -0.6770244 0.7302712 0.0562544
123562 1.7590266 5.8143756 0.1108228 -0.0750454 -0.6726342 0.7336228 0.0610698
123628 1.7746358 5.8373946 0.109591 -0.076015 -0.6715024 0.73439 0.0630736
123694 1.7936474 5.8610012 0.1080834 -0.0777852 -0.6726076 0.7331712 0.0633134
123760 1.813649 5.88379 0.106226 -0.080264 -0.673292 0.732235 0.063773
123826 1.832891 5.9063054 0.1038612 -0.081126 -0.6760208 0.7296442 0.0635154
123892 1.8504664 5.9282034 0.1014688 -0.0814292 -0.681006 0.725053 0.0624318
123958 1.86517 5.9486782 0.0996964 -0.0815818 -0.6854258 0.7208954 0.0620186
124024 1.8764014 5.967769 0.0980482 -0.0820896 -0.6882598 0.7179676 0.0638864
124090 1.884999 5.985889 0.096819 -0.082777 -0.687908 0.718071 0.065609
124156 1.8915612 6.0036152 0.0963282 -0.0830328 -0.6852388 0.7205942 0.0655484
124222 1.8967138 6.0217904 0.0965466 -0.0826398 -0.683214 0.7227878 0.0629826
124288 1.9003778 6.0400264 0.0966682 -0.0818856 -0.681708 0.724512 0.0604292
124354 1.902868 6.0588656 0.0957052 -0.0810016 -0.680759 0.7255794 0.0594968
124420 1.904703 6.078986 0.093388 -0.079231 -0.680544 0.726069 0.05836
124486 1.9066928 6.1000846 0.090169 -0.0786342 -0.682735 0.7241866 0.0569482
124552 1.90934 6.1211792 0.0870776 -0.0808068 -0.6868922 0.7200776 0.0560142
124618 1.9127678 6.1417038 0.0838754 -0.0835544 -0.6922342 0.714606 0.0562856
124684 1.9174746 6.1615428 0.0798874 -0.0826204 -0.697784 0.7090572 0.0592352
124750 1.92455 6.180764 0.076267 -0.078236 -0.702569 0.704653 0.061157
124816 1.9334062 6.1979126 0.0738442 -0.0742744 -0.7047648 0.7027058 0.0632074
124882 1.9438966 6.2128594 0.072552 -0.0728458 -0.705174 0.702242 0.0654172
124948 1.9564026 6.2265908 0.0721622 -0.072396 -0.7045914 0.7027222 0.0670234
125014 1.9713354 6.2397538 0.071859 -0.071534 -0.7025292 0.7046348 0.069462
125080 1.989228 6.253469 0.071172 -0.07047 -0.700627 0.706275 0.073015
125146 2.0100602 6.2683154 0.0699488 -0.0697034 -0.6996834 0.7068704 0.07693
125212 2.0333104 6.2844124 0.0682052 -0.0697174 -0.6986714 0.7073888 0.0812294
125278 2.0575224 6.3014324 0.0664064 -0.0712112 -0.697706 0.7077912 0.084658
125344 2.0814654 6.3194066 0.0656452 -0.0738462 -0.699315 0.7059552 0.0844528
125410 2.104146 6.33731 0.066278 -0.078013 -0.703182 0.701961 0.081852
125476 2.1244632 6.3546322 0.067399 -0.082468 -0.707559 0.6972778 0.079764
125542 2.141145 6.3712682 0.068173 -0.0851704 -0.7097272 0.6946122 0.0809182
125608 2.1546496 6.3879044 0.0688662 -0.0855276 -0.7093662 0.6947572 0.082437
125674 2.1655552 6.404734 0.0696236 -0.0843896 -0.7072754 0.6970834 0.0819432
125740 2.174279 6.42238 0.070207 -0.081773 -0.705064 0.6998 0.080486
125806 2.1814448 6.4418226 0.0707228 -0.0778764 -0.7034664 0.7022178 0.0772026
125872 2.1874236 6.4632654 0.0718334 -0.0746146 -0.7022012 0.7043976 0.0719052
125938 2.1924882 6.4864532 0.0737246 -0.0712104 -0.6995216 0.7081042 0.0647034
126004 2.1969868 6.511004 0.075571 -0.0666272 -0.6949924 0.7136616 0.0568534
126070 2.201758 6.536685 0.076806 -0.062622 -0.694 0.71552 0.049735
126136 2.2069464 6.5615752 0.0781754 -0.060839 -0.6954344 0.714515 0.046241
126202 2.2125312 6.58402 0.080338 -0.0591262 -0.6944672 0.7156692 0.0451372
126268 2.219149 6.6047692 0.0835264 -0.0560392 -0.6935284 0.7169432 0.0432476
126334 2.2277646 6.6246084 0.0877602 -0.0528146 -0.6941486 0.7167706 0.0401056
126400 2.238449 6.642611 0.092715 -0.050872 -0.691111 0.719936 0.038344
126466 2.2511982 6.6588644 0.0978444 -0.049578 -0.6837676 0.7270182 0.0380448
126532 2.2660618 6.674369 0.1019644 -0.048488 -0.6771326 0.7332416 0.0386998
126598 2.2833884 6.689968 0.103889 -0.0470806 -0.6738634 0.736173 0.0417198
126664 2.3034402 6.7066346 0.1038568 -0.0456244 -0.6727248 0.7370138 0.0465852
126730 2.325957 6.724498 0.102624 -0.044582 -0.671457 0.737923 0.051271
126796 2.350049 6.7431468 0.1009974 -0.0456068 -0.6707288 0.7382446 0.0551158
126862 2.3739788 6.7624834 0.0997736 -0.0466796 -0.6720468 0.7369176 0.0559094
126928 2.3966374 6.7810828 0.0988698 -0.047325 -0.6744456 0.7346734 0.0560212
126994 2.4177544 6.798162 0.098002 -0.0479822 -0.677173 0.7320816 0.056494
127060 2.436474 6.813407 0.097046 -0.047693 -0.67907 0.730294 0.057095
127126 2.4530032 6.8282008 0.0960318 -0.0452302 -0.6823946 0.7274712 0.0554788
127192 2.4676634 6.8420674 0.0948842 -0.042185 -0.685745 0.7246364 0.053629
127258 2.4808754 6.8545524 0.0942174 -0.0394618 -0.6872936 0.7235348 0.0506812
127324 2.492039 6.8659234 0.0932926 -0.0365022 -0.6872592 0.7239126 0.0478904
127390 2.50094 6.876899 0.092306 -0.033529 -0.686861 0.72472 0.043348
127456 2.5078656 6.887939 0.0915186 -0.0319066 -0.6870562 0.7249148 0.037872
127522 2.5130944 6.8995042 0.0904056 -0.0311932 -0.6867248 0.7255312 0.0322624
127588 2.5165616 6.9118684 0.087994 -0.02876 -0.6856828 0.7267584 0.02889
127654 2.5183284 6.9258932 0.0843914 -0.0249026 -0.6864172 0.726294 0.0266188
127720 2.51859 6.941597 0.080656 -0.02279 -0.688145 0.724823 0.023857
127786 2.5178108 6.9590236 0.0782474 -0.0225416 -0.6892706 0.7238772 0.0199886
127852 2.5166248 6.9769784 0.078052 -0.0223268 -0.6889888 0.7242338 0.0167786
127918 2.516124 6.9946112 0.0798706 -0.0221552 -0.6879944 0.7251954 0.0162528
127984 2.5170204 7.0117692 0.0841948 -0.024248 -0.685783 0.7271838 0.0177968
128050 2.518777 7.028743 0.090188 -0.027134 -0.681442 0.731101 0.019775
128116 2.5210264 7.0457896 0.096917 -0.0296656 -0.674903 0.7370008 0.0213264
128182 2.5246664 7.0623288 0.1040154 -0.0323938 -0.6646524 0.7461354 0.0216596
128248 2.5306692 7.0780514 0.110583 -0.0352132 -0.6550266 0.754464 0.0219952
128314 2.5395014 7.0927708 0.1157546 -0.0382698 -0.6506534 0.7580668 0.0228092
128380 2.55141 7.106728 0.118806 -0.042004 -0.65112 0.757437 0.02382
128446 2.5666672 7.1202548 0.1190294 -0.0458682 -0.6525994 0.755892 0.0252362
128512 2.5854442 7.1340246 0.1162706 -0.049783 -0.6530626 0.7551102 0.0289598
128578 2.6077342 7.1491274 0.1116704 -0.0537076 -0.6541688 0.7536172 0.0352066
128644 2.6322714 7.1653352 0.1071718 -0.0575016 -0.6560606 0.7513666 0.0415482
128710 2.657894 7.182295 0.103227 -0.061753 -0.659579 0.747536 0.048299
128776 2.6838106 7.1993656 0.1003768 -0.0650186 -0.6622892 0.7445076 0.0534218
128842 2.7080808 7.2149418 0.0991498 -0.0684754 -0.6633172 0.7429482 0.0578734
128908 2.7289326 7.2274754 0.1001856 -0.0738536 -0.6633056 0.7421098 0.0620032
128974 2.7456232 7.2366006 0.1031084 -0.082315 -0.6649962 0.739249 0.0671858
129040 2.75926 7.243972 0.105677 -0.088119 -0.667526 0.735647 0.073942
129106 2.7706862 7.2503128 0.1070664 -0.0883248 -0.6676732 0.7346746 0.0816372
129172 2.7809786 7.2557716 0.1077874 -0.0864536 -0.6660298 0.7356974 0.087632
129238 2.7903668 7.2597422 0.1083008 -0.0862068 -0.6642972 0.7368528 0.0912394
129304 2.7984608 7.2620656 0.1080838 -0.0863374 -0.6637658 0.7369622 0.0940614
129370 2.805005 7.263207 0.107044 -0.085015 -0.663253 0.737274 0.096408
129436 2.8103618 7.2644944 0.105604 -0.0827416 -0.6624536 0.7382034 0.09677
129502 2.8146158 7.2660032 0.1039214 -0.081769 -0.661093 0.7395002 0.0970006
129568 2.8187116 7.2680288 0.1024908 -0.0821198 -0.6591744 0.74117 0.0970222
129634 2.8232776 7.2712616 0.101194 -0.0838512 -0.6583714 0.7417152 0.096821
129700 2.829121 7.27663 0.09987 -0.085427 -0.657664 0.742221 0.096375
129766 2.8359612 7.2844264 0.097744 -0.0850872 -0.6552408 0.7443728 0.0965862
129832 2.8441932 7.2953064 0.0953064 -0.0840382 -0.6540812 0.745582 0.0960364
129898 2.8543918 7.3098236 0.0930816 -0.0838502 -0.6562422 0.7441916 0.0921592
129964 2.8654932 7.3272056 0.0902676 -0.0829682 -0.6587358 0.7425714 0.0881542
130030 2.877045 7.346615 0.087237 -0.082509 -0.659725 0.741962 0.086302
130096 2.8888216 7.3677822 0.0851178 -0.0852062 -0.6610814 0.7404658 0.0861522
130162 2.9004372 7.3905536 0.0844138 -0.0890128 -0.6618762 0.7392706 0.0864634
130228 2.9119628 7.4144606 0.0846678 -0.0911168 -0.6614626 0.739375 0.0865418
130294 2.9238606 7.4388684 0.085616 -0.0918068 -0.661446 0.7394084 0.0856502
130360 2.935885 7.462885 0.087559 -0.093067 -0.663768 0.73749 0.082826
130426 2.9471848 7.4846442 0.0907968 -0.0945096 -0.666989 0.7348964 0.0782374
130492 2.9567876 7.5024742 0.0946914 -0.0952952 -0.6690974 0.7332562 0.0745878
130558 2.9651348 7.5176264 0.0988952 -0.0962104 -0.6714208 0.7312784 0.0719026
130624 2.9730884 7.5314034 0.1031888 -0.096992 -0.672738 0.7301506 0.0699722
130690 2.980655 7.54405 0.107094 -0.096789 -0.671103 0.731749 0.069254
130756 2.9881958 7.5559486 0.1105626 -0.0970572 -0.668618 0.7339824 0.0692822
130822 2.9962072 7.5675954 0.1135062 -0.0981116 -0.6676358 0.7347226 0.0694222
130888 3.0054904 7.5795422 0.1156028 -0.0988518 -0.6666482 0.7353934 0.0707446
130954 3.0166172 7.5920748 0.1169738 -0.0984968 -0.6631214 0.7383502 0.0735298
131020 3.029917 7.605661 0.117802 -0.098147 -0.660229 0.740752 0.075837
131086 3.0452024 7.6203716 0.1173462 -0.0981546 -0.6597884 0.7409488 0.0777132
131152 3.0632112 7.6367586 0.115639 -0.0994282 -0.6620596 0.7385214 0.079859
131218 3.0847086 7.6547514 0.1136886 -0.1020674 -0.6641034 0.7361296 0.0816232
131284 3.1086992 7.6735996 0.1114924 -0.1023216 -0.6627818 0.73701 0.0840614
131350 3.135046 7.694215 0.10856 -0.099272 -0.661989 0.737871 0.086389
131416 3.163872 7.717509 0.1050196 -0.0953794 -0.6639252 0.7364924 0.0876648
131482 3.19387 7.7422494 0.1018862 -0.093166 -0.6659216 0.7348958 0.0883004
131548 3.2232174 7.767303 0.1005868 -0.093062 -0.6686818 0.732453 0.0878458
131614 3.2496002 7.7911664 0.1018312 -0.094411 -0.6721068 0.7292198 0.0871618
131680 3.271109 7.812335 0.105831 -0.096737 -0.674772 0.72662 0.085716
131746 3.2872746 7.830698 0.1103582 -0.098527 -0.676757 0.7244286 0.086577
131812 3.2992442 7.8473526 0.1139398 -0.1000364 -0.6770546 0.7235234 0.0900168
131878 3.3075194 7.8638898 0.1166564 -0.1008002 -0.6759346 0.7240638 0.093187
131944 3.3129312 7.8808892 0.1190396 -0.1001024 -0.6747722 0.7250804 0.094446
132010 3.316437 7.897722 0.121567 -0.098887 -0.67273 0.727023 0.095361
132076 3.3184144 7.9143692 0.123986 -0.0983866 -0.6697814 0.7296288 0.0967192
132142 3.318766 7.9323876 0.1257342 -0.0978942 -0.6681332 0.731165 0.0970164
132208 3.317791 7.9526696 0.1265306 -0.0966324 -0.6677094 0.7318876 0.0957428
132274 3.3161008 7.974774 0.1269126 -0.0949454 -0.6668496 0.7332344 0.0930814
132340 3.314239 7.998565 0.12719 -0.092704 -0.667517 0.733322 0.089809
132406 3.3128334 8.0235976 0.127162 -0.0902516 -0.6698652 0.7317096 0.0879554
132472 3.3127548 8.0488048 0.1272916 -0.088206 -0.6716302 0.7304638 0.0869198
132538 3.3149766 8.0732432 0.1283684 -0.0860594 -0.673558 0.7292398 0.0843946
132604 3.3196514 8.0955974 0.13122 -0.0839566 -0.675751 0.7277994 0.081363
132670 3.326055 8.114926 0.135417 -0.083139 -0.676455 0.727267 0.081111
132736 3.3339432 8.131945 0.1400216 -0.082696 -0.6744444 0.72891 0.0835242
132802 3.3436568 8.147826 0.143644 -0.0823964 -0.6698736 0.7326046 0.0881502
132868 3.3557582 8.1633066 0.1451432 -0.0835874 -0.664797 0.7362572 0.0947804
132934 3.3708056 8.1793774 0.14406 -0.086066 -0.6624302 0.7371506 0.1019228
133000 3.389027 8.195897 0.141234 -0.08906 -0.663114 0.735111 0.10936
133066 3.4102124 8.2119874 0.1378792 -0.0927822 -0.6634316 0.7330672 0.1177396
133132 3.434482 8.22859 0.1350278 -0.0981204 -0.6639532 0.7307712 0.1245456
133198 3.4603742 8.246022 0.1340104 -0.1049906 -0.6661242 0.7274396 0.1268364
133264 3.4847536 8.2627182 0.134358 -0.1108154 -0.6677792 0.7246284 0.1292462
133330 3.505937 8.278611 0.135863 -0.114102 -0.668831 0.722506 0.132778
133396 3.5239494 8.2954346 0.1386098 -0.1151098 -0.6706954 0.7202534 0.1347314
133462 3.53882 8.3133072 0.1425068 -0.114765 -0.66979 0.7210608 0.1352072
133528 3.5512292 8.331746 0.147061 -0.114188 -0.664416 0.7263716 0.1337786
133594 3.5613164 8.3506598 0.1510224 -0.1131072 -0.6583116 0.7324726 0.1315878
133660 3.56895 8.370168 0.15369 -0.111271 -0.654292 0.736601 0.130151
133726 3.5744656 8.3902148 0.1564318 -0.109466 -0.6520742 0.739092 0.1286846
133792 3.578069 8.409996 0.1609998 -0.1088802 -0.6485508 0.7424308 0.12776
133858 3.579881 8.429421 0.1675976 -0.1088272 -0.6420272 0.7480872 0.1277648
133924 3.5814956 8.4494774 0.1759686 -0.1092424 -0.6355646 0.7538456 0.1258568
133990 3.583917 8.470488 0.185019 -0.110698 -0.632015 0.757226 0.122114
134056 3.5871108 8.4925114 0.1928242 -0.1124902 -0.6317588 0.7578748 0.1176968
134122 3.5909284 8.5149406 0.1982086 -0.1120856 -0.6329614 0.7575362 0.1137336
134188 3.5955232 8.5368328 0.2014158 -0.1091512 -0.6352294 0.7565342 0.1105736
134254 3.6015252 8.5574648 0.2035776 -0.106666 -0.638357 0.7546836 0.1075884
134320 3.609138 8.576698 0.204721 -0.105849 -0.64055 0.753366 0.104552
134386 3.617529 8.5939788 0.2043102 -0.1033908 -0.640736 0.7539104 0.1019158
134452 3.6262596 8.6085714 0.2029836 -0.1013024 -0.6410994 0.7541064 0.1002632
134518 3.6347244 8.6203484 0.2004842 -0.0997096 -0.6426374 0.7529344 0.1008182
134584 3.6435974 8.6306656 0.1961972 -0.0981706 -0.6465166 0.7494832 0.1032152
134650 3.653281 8.639335 0.191036 -0.097689 -0.650701 0.745408 0.106826
134716 3.6642766 8.6459086 0.186579 -0.0969612 -0.6530332 0.7430662 0.109535
134782 3.6770018 8.6508238 0.1833116 -0.0978394 -0.6534688 0.7421338 0.112439
134848 3.6928776 8.6566378 0.1803774 -0.1006178 -0.6577294 0.7379362 0.1127718
134914 3.7100252 8.6629566 0.1772448 -0.1021862 -0.6643266 0.7318768 0.1121802
134980 3.726421 8.669122 0.174076 -0.103515 -0.669524 0.72648 0.115106
135046 3.7414166 8.6758406 0.1715772 -0.1068608 -0.6720948 0.7227306 0.120536
135112 3.7544728 8.6835274 0.1704344 -0.1128138 -0.673143 0.7199222 0.1259508
135178 3.7654932 8.6925496 0.1708798 -0.119608 -0.6738158 0.7175302 0.129676
135244 3.77388 8.7026722 0.1719838 -0.124357 -0.674118 0.7156426 0.1339996
135310 3.779942 8.714 0.172842 -0.126424 -0.674888 0.713473 0.139641
135376 3.78544 8.7264544 0.1736826 -0.127299 -0.6745236 0.7128804 0.1435792
135442 3.7903628 8.7395306 0.1747162 -0.1271572 -0.6715082 0.7153598 0.1454934
135508 3.7945558 8.7532844 0.1756018 -0.1258488 -0.667658 0.719282 0.145009
135574 3.7980864 8.7678892 0.176198 -0.1240016 -0.6657552 0.722113 0.1412322
135640 3.80079 8.783433 0.175867 -0.121604 -0.666299 0.723003 0.136103
135706 3.8032262 8.7999336 0.1747758 -0.1186554 -0.6673206 0.7236182 0.1303092
135772 3.806057 8.817624 0.1735066 -0.1163086 -0.6690888 0.7234394 0.124207
135838 3.8083478 8.8357404 0.1725686 -0.114637 -0.6700238 0.723508 0.1202624
135904 3.809944 8.8544712 0.1724976 -0.1117156 -0.669803 0.7244936 0.1182892
135970 3.811426 8.874058 0.173199 -0.107501 -0.670274 0.725072 0.115964
136036 3.8131928 8.8936988 0.174468 -0.1039578 -0.6707418 0.7255716 0.1133326
136102 3.81539 8.9126644 0.1755924 -0.1014502 -0.6698328 0.7271278 0.1109794
136168 3.8178226 8.9306262 0.1760362 -0.099507 -0.6690118 0.7285042 0.1086442
136234 3.820563 8.9470504 0.1757828 -0.0988522 -0.669362 0.7289502 0.1039888
136300 3.823418 8.961511 0.174212 -0.100424 -0.672471 0.72641 0.100131
136366 3.8264382 8.9745582 0.1711656 -0.1024718 -0.6779642 0.7210368 0.099847
136432 3.8301642 8.9872658 0.1679028 -0.1051792 -0.6824632 0.71629 0.100546
136498 3.834712 8.999476 0.1657674 -0.109474 -0.682477 0.7155546 0.1011022
136564 3.8414728 9.0122536 0.1655338 -0.1146564 -0.678973 0.718187 0.1002776
136630 3.850714 9.026314 0.166828 -0.117245 -0.674611 0.721731 0.10128
136696 3.8615446 9.0420978 0.1686602 -0.1150092 -0.6724282 0.7235584 0.1052412
136762 3.8730324 9.058667 0.1698384 -0.1120132 -0.6716664 0.72385 0.1111698
136828 3.8865254 9.076596 0.1700406 -0.113833 -0.673531 0.721517 0.113189
136894 3.9013314 9.0960904 0.1685796 -0.1190188 -0.6769212 0.7179006 0.1105906
136960 3.915772 9.116364 0.164844 -0.125504 -0.679143 0.715012 0.108496
137026 3.9288412 9.137213 0.16011 -0.1314022 -0.6799138 0.7132678 0.1081628
137092 3.9393412 9.158105 0.1562424 -0.13635 -0.6792884 0.7128818 0.1085148
137158 3.9472768 9.1798366 0.1538364 -0.1389916 -0.6814136 0.709968 0.1109174
137224 3.9524054 9.2008838 0.1534814 -0.1395688 -0.6822266 0.7084576 0.1147822
137290 3.956221 9.221538 0.154899 -0.138963 -0.680718 0.709764 0.116391
137356 3.9597324 9.2428462 0.15663 -0.1364146 -0.6784348 0.712785 0.114256
137422 3.9630036 9.2654504 0.1577154 -0.1314428 -0.676746 0.716029 0.1097236
137488 3.9656566 9.2888426 0.1585692 -0.1250368 -0.674445 0.7200992 0.104626
137554 3.9682496 9.313205 0.1598504 -0.1200902 -0.6734696 0.722745 0.0982692
137620 3.970763 9.337916 0.160954 -0.116652 -0.674292 0.723286 0.092633
137686 3.9735456 9.3613182 0.1616652 -0.1133444 -0.6739446 0.724586 0.0890322
137752 3.9778226 9.3839886 0.162075 -0.1107458 -0.675182 0.7241938 0.0860736
137818 3.9843604 9.4053496 0.1623286 -0.1095464 -0.6775474 0.7225626 0.0826628
137884 3.9930806 9.425119 0.162257 -0.1083584 -0.6793152 0.7212898 0.0808108
137950 4.003565 9.443512 0.162862 -0.106988 -0.678896 0.721969 0.080098
138016 4.0152374 9.4609632 0.164495 -0.1059016 -0.6771238 0.7238012 0.0800012
138082 4.0283346 9.4774776 0.166369 -0.1055944 -0.6732798 0.7272336 0.0817054
138148 4.0431622 9.493366 0.1679038 -0.1064448 -0.6695674 0.7302248 0.0843846
138214 4.0600924 9.509335 0.16863 -0.1094782 -0.6689988 0.729954 0.0873028
138280 4.078874 9.525059 0.168677 -0.115078 -0.67117 0.726819 0.089564
138346 4.0981366 9.5401962 0.1680634 -0.1201526 -0.6745664 0.722815 0.089788
138412 4.1163728 9.5547012 0.1667508 -0.1246206 -0.6800942 0.7168904 0.0894906
138478 4.1323242 9.569312 0.1648436 -0.1269624 -0.6859938 0.710703 0.09052
138544 4.1447264 9.5835644 0.1642306 -0.128486 -0.6862774 0.7095914 0.0948392
138610 4.154657 9.597999 0.167211 -0.130254 -0.680423 0.714636 0.096718
138676 4.1631184 9.6126766 0.1727072 -0.1324902 -0.6744704 0.7199128 0.0962342
138742 4.1706586 9.6271928 0.1785518 -0.1317636 -0.668297 0.725763 0.0963582
138808 4.1777478 9.6413514 0.1836146 -0.129393 -0.6617348 0.7320432 0.0973462
138874 4.1856902 9.656334 0.1878732 -0.12811 -0.6575094 0.7363182 0.0954182
138940 4.193867 9.671493 0.191232 -0.128517 -0.654288 0.739576 0.091748
139006 4.2016226 9.6859656 0.1930042 -0.1285936 -0.6518728 0.7421824 0.087699
139072 4.2090876 9.6986494 0.1932306 -0.1275382 -0.6516638 0.7428166 0.08539
139138 4.2179826 9.709382 0.192942 -0.1253414 -0.654884 0.740628 0.0829868
139204 4.2275874 9.7168806 0.1933912 -0.1235878 -0.6569746 0.7390128 0.0834884
139270 4.236899 9.720802 0.195589 -0.123698 -0.655091 0.739974 0.089398
139336 4.246467 9.7222132 0.1994216 -0.1261052 -0.6502978 0.742761 0.0975484
139402 4.2567464 9.721829 0.202852 -0.1292072 -0.6456842 0.7451388 0.1056668
139468 4.2687854 9.7192402 0.2048784 -0.1316708 -0.643314 0.7457946 0.1122508
139534 4.2834842 9.7138376 0.2059554 -0.1360562 -0.6434778 0.7439356 0.1182566
139600 4.30091 9.705577 0.206927 -0.142258 -0.643204 0.742075 0.123996
139666 4.3204294 9.6953382 0.2082642 -0.1489576 -0.6418812 0.7411576 0.1283956
139732 4.3409428 9.6831954 0.2096668 -0.1544476 -0.640283 0.7409348 0.131146
139798 4.3618904 9.6691706 0.210466 -0.1603448 -0.639328 0.7398674 0.1347074
139864 4.3828776 9.6534646 0.2106536 -0.1662406 -0.63855 0.7390062 0.1359696
139930 4.402895 9.636034 0.209843 -0.171917 -0.639602 0.737052 0.134567
139996 4.4211576 9.6165986 0.2082904 -0.175036 -0.6425376 0.7343264 0.1314258
140062 4.4372072 9.5947292 0.2067264 -0.1761226 -0.6466338 0.730975 0.1285334
140128 4.4509886 9.5701728 0.2053354 -0.1754904 -0.6489528 0.7294178 0.1265436
140194 4.4618744 9.5431834 0.2038128 -0.173306 -0.6484874 0.7304446 0.1260158
140260 4.470337 9.514149 0.202327 -0.171645 -0.647058 0.732078 0.12616
140326 4.4765474 9.4830068 0.2010306 -0.1717086 -0.6451578 0.7337448 0.1261184
140392 4.4807924 9.4506014 0.1997106 -0.1724666 -0.6445352 0.7341068 0.1261612
140458 4.483014 9.4170012 0.1990904 -0.1734482 -0.6461728 0.73217 0.1276852
140524 4.4843696 9.3826372 0.1995078 -0.1746004 -0.6499872 0.7278706 0.1312814
140590 4.486636 9.348741 0.200621 -0.172859 -0.652962 0.725179 0.133701
140656 4.4899194 9.3149218 0.2024978 -0.1696306 -0.6526432 0.725978 0.1350498
140722 4.494635 9.2816376 0.204515 -0.1684706 -0.652474 0.726034 0.1370042
140788 4.5007454 9.248373 0.2060704 -0.167753 -0.6522246 0.7259524 0.1394812
140854 4.5073008 9.214112 0.2064632 -0.1663742 -0.650361 0.7270374 0.1441082
140920 4.515211 9.178535 0.206276 -0.167164 -0.649122 0.727001 0.148879
140986 4.5252158 9.1415364 0.2064184 -0.1707388 -0.6477868 0.7268022 0.1515858
141052 4.5369862 9.1036066 0.2067934 -0.1761812 -0.6450154 0.7271774 0.1553318
141118 4.5496526 9.0650678 0.2082262 -0.1821832 -0.6390678 0.7298596 0.1603282
141184 4.562615 9.0268404 0.210575 -0.1878312 -0.6345334 0.731613 0.1637958
141250 4.574973 8.989867 0.212512 -0.195048 -0.636556 0.727612 0.165328
141316 4.5861358 8.9541948 0.213324 -0.200993 -0.639187 0.7236386 0.1654954
141382 4.5967898 8.9204094 0.212887 -0.202497 -0.6407244 0.7221496 0.1642152
141448 4.6066416 8.887325 0.211787 -0.2031824 -0.6431144 0.7201276 0.1629004
141514 4.614837 8.8538208 0.2108866 -0.2047042 -0.6444546 0.7187456 0.1617994
141580 4.621489 8.820456 0.209638 -0.204466 -0.644514 0.718981 0.160817
141646 4.6265472 8.7870226 0.2079016 -0.201959 -0.6434888 0.7207202 0.1603026
141712 4.6302466 8.7529622 0.205665 -0.19944 -0.641316 0.7234382 0.159919
141778 4.6328632 8.7183946 0.2030492 -0.19771 -0.6396646 0.7255986 0.1588944
141844 4.635197 8.6836638 0.200945 -0.196073 -0.640185 0.7260422 0.1567848
141910 4.637232 8.648786 0.200627 -0.194347 -0.643144 0.724063 0.155974
141976 4.6402164 8.6150238 0.2022202 -0.189924 -0.6469132 0.721996 0.1554132
142042 4.6447282 8.5827706 0.2052436 -0.1841914 -0.6471908 0.7238294 0.1526042
142108 4.6505886 8.552226 0.2080554 -0.1807756 -0.6471402 0.7251386 0.1506754
142174 4.657705 8.522826 0.2100344 -0.1775814 -0.6480204 0.7256366 0.1482786
142240 4.666679 8.494067 0.210388 -0.173079 -0.649295 0.726068 0.145897
142306 4.6780746 8.4655148 0.2087758 -0.1692328 -0.6501262 0.7262454 0.1458192
142372 4.6921814 8.4375666 0.2062884 -0.1673624 -0.6518516 0.724859 0.1471698
142438 4.7086282 8.4097566 0.2043318 -0.1663718 -0.6517958 0.7249282 0.148198
142504 4.7273496 8.3818782 0.2027872 -0.1658476 -0.6497852 0.7264554 0.150119
142570 4.748753 8.353601 0.201919 -0.166388 -0.647239 0.728196 0.152079
142636 4.772179 8.3246978 0.2024866 -0.1682538 -0.6466728 0.7281338 0.15273
142702 4.7959104 8.2963274 0.2036842 -0.1696376 -0.6501788 0.7244374 0.1538858
142768 4.8186228 8.2680964 0.2055758 -0.1722398 -0.6517242 0.7221872 0.1550308
142834 4.8393952 8.240322 0.2068032 -0.1741622 -0.6498268 0.7231496 0.1563556
142900 4.85788 8.213678 0.206395 -0.172686 -0.650956 0.722447 0.156543
142966 4.8740932 8.1869742 0.2048714 -0.1709934 -0.6566458 0.7176534 0.1566844
143032 4.8881724 8.158566 0.2031722 -0.1725404 -0.6595306 0.7141718 0.1587688
143098 4.9011262 8.129469 0.2019068 -0.1747102 -0.6588478 0.7137938 0.1609168
143164 4.9136088 8.0999904 0.2014208 -0.1749274 -0.6561912 0.7157014 0.1630486
143230 4.926428 8.069473 0.201787 -0.173338 -0.651891 0.71979 0.163993
143296 4.9391768 8.037447 0.2020222 -0.1717874 -0.6476094 0.7237302 0.1652436
143362 4.9517556 8.0046044 0.2020022 -0.1691466 -0.6429314 0.7283116 0.1661068
143428 4.964659 7.9721976 0.202119 -0.1650916 -0.6415182 0.7306368 0.1654378
143494 4.9787932 7.9414552 0.2023566 -0.161023 -0.646271 0.7278746 0.1631048
143560 4.993853 7.91185 0.202588 -0.15688 -0.650846 0.724812 0.162591
143626 5.0094312 7.882957 0.2032104 -0.1539714 -0.6527856 0.7229828 0.1657082
143692 5.0264592 7.855032 0.2042382 -0.1504214 -0.6534754 0.7224596 0.1685078
143758 5.0455456 7.827073 0.2050838 -0.1494888 -0.653672 0.7215818 0.1722928
143824 5.0673122 7.79882 0.2052548 -0.151124 -0.6528082 0.7210538 0.1763064
143890 5.092528 7.769835 0.204676 -0.155298 -0.650373 0.721646 0.179235
143956 5.1220532 7.7406448 0.203414 -0.1614252 -0.6489208 0.7214926 0.179699
144022 5.1545768 7.7120738 0.202522 -0.170007 -0.6501638 0.7186184 0.178805
144088 5.1866466 7.6846314 0.2018882 -0.1762592 -0.6523158 0.7152952 0.1782406
144154 5.2166792 7.6591134 0.20049 -0.1809416 -0.657801 0.7087124 0.1796772
144220 5.244085 7.633884 0.198968 -0.185847 -0.662847 0.702079 0.182154
144286 5.2681108 7.6081722 0.1979762 -0.1878358 -0.664893 0.6993508 0.1831472
144352 5.289339 7.5822854 0.1980794 -0.1877216 -0.6687918 0.6960746 0.1815438
144418 5.3069548 7.5553732 0.198047 -0.1883392 -0.6723554 0.69251 0.1813714
144484 5.322047 7.5271458 0.1970798 -0.191117 -0.6728832 0.6911022 0.1818802
144550 5.335741 7.497346 0.194798 -0.195087 -0.671358 0.691677 0.181113
144616 5.3487108 7.465875 0.190884 -0.2004246 -0.670944 0.6911996 0.1786252
144682 5.3613156 7.4324978 0.1862524 -0.20494 -0.6698636 0.6918302 0.1750806
144748 5.3739024 7.3977902 0.1830822 -0.2064366 -0.6681366 0.6941334 0.1707538
144814 5.3859982 7.3635114 0.1816218 -0.2067804 -0.6708732 0.6916034 0.16987
144880 5.398527 7.332035 0.181913 -0.201807 -0.677969 0.686193 0.169622
144946 5.4121844 7.3022604 0.1840346 -0.1950634 -0.6819896 0.6845044 0.1682068
145012 5.4275534 7.2746884 0.1864824 -0.1908484 -0.682421 0.6849684 0.1693986
145078 5.4447024 7.249119 0.1894518 -0.1867506 -0.6793674 0.6892448 0.1688952
145144 5.4640414 7.2248064 0.1917654 -0.181741 -0.6774588 0.6929474 0.166864
145210 5.486297 7.201451 0.192591 -0.177762 -0.678972 0.692715 0.165962
145276 5.5113162 7.1784338 0.19307 -0.174862 -0.6793592 0.6933646 0.164742
145342 5.5381726 7.1554584 0.1941292 -0.1725004 -0.6767376 0.6968354 0.1633746
145408 5.56647 7.133318 0.1960846 -0.1722192 -0.673129 0.7003868 0.1633874
145474 5.5963058 7.11253 0.199085 -0.1731446 -0.671561 0.7020204 0.1618476
145540 5.623784 7.091881 0.201567 -0.175195 -0.67055 0.702561 0.161485
145606 5.6477776 7.0714924 0.2023178 -0.173051 -0.6695496 0.7045436 0.1592932
145672 5.6695366 7.0519092 0.2010268 -0.1660488 -0.6736702 0.7029852 0.1562284
145738 5.6889774 7.030571 0.1987658 -0.1606282 -0.678216 0.7002802 0.1543688
145804 5.7063272 7.0077382 0.1965932 -0.1581834 -0.6793346 0.6996776 0.1547074
145870 5.722724 6.985636 0.194994 -0.155735 -0.679296 0.700388 0.154146
145936 5.7380262 6.9636712 0.193716 -0.1532 -0.6798826 0.7010176 0.1512048
146002 5.7523762 6.9402098 0.191688 -0.1520536 -0.6813372 0.7004842 0.1482582
146068 5.7664744 6.9146748 0.188892 -0.1522604 -0.6819746 0.7003206 0.145875
146134 5.7797344 6.886472 0.1861574 -0.1534096 -0.6792988 0.7028588 0.1449394
146200 5.791409 6.855357 0.185167 -0.156667 -0.673718 0.707266 0.146065
146266 5.8014304 6.8218536 0.1871318 -0.16306 -0.6659966 0.7123204 0.1498624
146332 5.8107192 6.7897864 0.190818 -0.1715458 -0.6623754 0.711906 0.1581764
146398 5.8220886 6.7624584 0.1951872 -0.1765526 -0.6638106 0.7085102 0.1618596
146464 5.8338046 6.737971 0.1990936 -0.1781484 -0.6614458 0.7096814 0.164636
146530 5.844763 6.71683 0.201233 -0.179252 -0.660132 0.708607 0.17312
146596 5.8565826 6.6981716 0.2030606 -0.1812412 -0.66054 0.7057912 0.180825
146662 5.8704826 6.6804094 0.2045058 -0.183262 -0.658107 0.7061972 0.1859998
146728 5.887766 6.6640396 0.2050506 -0.1858248 -0.6551436 0.7069096 0.1911416
146794 5.909055 6.6488288 0.2047036 -0.1881336 -0.6522866 0.7073534 0.1969244
146860 5.934672 6.633598 0.204127 -0.191796 -0.647798 0.708678 0.203339
146926 5.965981 6.618993 0.2039778 -0.1993666 -0.6435578 0.7087352 0.2092362
146992 6.0027236 6.6057734 0.204301 -0.2080846 -0.6407562 0.707793 0.2125118
147058 6.0428618 6.593641 0.2050988 -0.2161228 -0.6401212 0.705272 0.2147722
147124 6.0839184 6.582542 0.2061778 -0.2229944 -0.6423222 0.7005152 0.2167352
147190 6.123065 6.57195 0.207113 -0.22869 -0.646924 0.693093 0.220934
147256 6.1581886 6.5611472 0.208347 -0.2327426 -0.6502066 0.6870794 0.2257956
147322 6.1885702 6.5501398 0.2095268 -0.231892 -0.651812 0.6846468 0.2294014
147388 6.2144268 6.5377696 0.210251 -0.2298484 -0.6516964 0.6844922 0.232232
147454 6.2363222 6.5225538 0.2104706 -0.2302976 -0.6499896 0.6853038 0.2341688
147520 6.25505 6.505306 0.209388 -0.234196 -0.649979 0.683458 0.235721
147586 6.2723874 6.4866426 0.206655 -0.2379966 -0.6508242 0.6817632 0.2344878
147652 6.2893788 6.4670968 0.202994 -0.241164 -0.6504654 0.6821198 0.2311862
147718 6.306716 6.4480098 0.2006812 -0.2434528 -0.6495952 0.6839258 0.2258376
147784 6.324822 6.4299932 0.2003976 -0.243324 -0.6495204 0.6856746 0.220833
147850 6.342308 6.411845 0.202145 -0.238511 -0.648276 0.689159 0.218886
147916 6.3594074 6.3939642 0.2041732 -0.2334714 -0.6480026 0.6900952 0.2221526
147982 6.3781782 6.3774758 0.2055304 -0.2295268 -0.648936 0.6894978 0.225372
148048 6.3990622 6.3618578 0.205906 -0.226378 -0.6490212 0.6899136 0.2270322
148114 6.4229806 6.3468376 0.204637 -0.2249858 -0.648577 0.6903606 0.2283234
148180 6.450485 6.332991 0.202128 -0.226741 -0.648696 0.688724 0.231175
148246 6.4816496 6.3210466 0.2000016 -0.2288684 -0.6484872 0.6872734 0.2339648
148312 6.5149514 6.3102534 0.199112 -0.2299464 -0.6477144 0.6868894 0.2361656
148378 6.5482742 6.3003936 0.1993664 -0.2298576 -0.6488046 0.6855844 0.2370482
148444 6.5799146 6.2916314 0.1999288 -0.2304228 -0.6507014 0.6831352 0.2383688
148510 6.609631 6.283744 0.200728 -0.232954 -0.6501 0.683012 0.237901
148576 6.6365894 6.2760092 0.2008662 -0.2352736 -0.6495172 0.6834686 0.23589
148642 6.6603576 6.2678152 0.1999146 -0.234737 -0.6535506 0.6807166 0.2332276
148708 6.680789 6.257398 0.1987574 -0.2346578 -0.6578548 0.676884 0.2323596
148774 6.699644 6.2443272 0.1978914 -0.2347382 -0.6573536 0.6770734 0.2331432
148840 6.71838 6.229846 0.196166 -0.235114 -0.655541 0.678597 0.233437
148906 6.7373364 6.214329 0.1920452 -0.2355044 -0.6555356 0.6786924 0.2327806
148972 6.7559246 6.1969532 0.1851082 -0.2360354 -0.6556538 0.6781636 0.233451
149038 6.7730048 6.176865 0.176195 -0.23847 -0.6541586 0.6778776 0.2359884
149104 6.7891504 6.1538302 0.1677748 -0.2448272 -0.6507332 0.6780542 0.238429
149170 6.804713 6.127974 0.162076 -0.254549 -0.645763 0.67825 0.241189
149236 6.8194118 6.0994508 0.1593852 -0.2650924 -0.6412674 0.6761672 0.2475864
149302 6.8347906 6.0694682 0.1608576 -0.275822 -0.638501 0.6720066 0.2542536
149368 6.8499856 6.0390724 0.166401 -0.2853934 -0.632274 0.6704238 0.2632706
149434 6.8673262 6.0106094 0.1749194 -0.2920524 -0.6257386 0.6718014 0.2680282
149500 6.88663 5.983483 0.183501 -0.293812 -0.618662 0.676804 0.269942
149566 6.9078888 5.9598676 0.1893224 -0.2917154 -0.6184518 0.6782362 0.2691006
149632 6.9291508 5.9397402 0.1926054 -0.288379 -0.6248984 0.6736478 0.2693278
149698 6.9496578 5.9213636 0.1949096 -0.2846458 -0.6295366 0.6696438 0.272467
149764 6.969726 5.9036694 0.1970238 -0.2811262 -0.630972 0.6687112 0.2750768
149830 6.990703 5.886319 0.198576 -0.279913 -0.63364 0.666508 0.275529
149896 7.0128268 5.868367 0.1994072 -0.280451 -0.6336412 0.6656384 0.277077
149962 7.0379514 5.8491388 0.1997122 -0.2812976 -0.6305182 0.667099 0.279816
150028 7.0677576 5.8288244 0.199533 -0.2826082 -0.6289454 0.6674618 0.2811682
150094 7.1018456 5.8082604 0.1992902 -0.2849842 -0.6298804 0.6656458 0.2809812
150160 7.139662 5.788097 0.200078 -0.287537 -0.631688 0.664049 0.278084
150226 7.1783182 5.7687658 0.2016166 -0.288767 -0.632856 0.6640736 0.274067
150292 7.2155368 5.751711 0.2033722 -0.2905466 -0.6347678 0.662589 0.271345
150358 7.2507794 5.737821 0.2050316 -0.2930886 -0.6370506 0.6600148 0.2695298
150424 7.2838718 5.72727 0.2062992 -0.2932242 -0.6379386 0.6597634 0.267893
150490 7.315692 5.71902 0.20765 -0.290648 -0.637451 0.662286 0.265627
150556 7.3473312 5.7124046 0.208538 -0.2873788 -0.6374934 0.6645786 0.2633466
150622 7.3772838 5.7070446 0.2085608 -0.283319 -0.6351246 0.6680944 0.2645682
150688 7.4056648 5.703771 0.2087166 -0.2792776 -0.631816 0.6719226 0.2670822
150754 7.4343044 5.70365 0.2094786 -0.2746286 -0.6308678 0.6745754 0.267457
150820 7.463862 5.70655 0.210901 -0.270095 -0.628893 0.67773 0.268747
150886 7.4935502 5.7119466 0.213395 -0.2661848 -0.6254906 0.6818786 0.270091
150952 7.5234922 5.7196386 0.2161304 -0.266351 -0.6259852 0.6816932 0.269249
151018 7.5524844 5.7288978 0.2184222 -0.2672592 -0.627989 0.6799196 0.2681636
151084 7.5796622 5.7387856 0.2202588 -0.2679936 -0.6304658 0.6773658 0.268082
151150 7.604949 5.748607 0.222793 -0.272241 -0.633565 0.672944 0.267631
151216 7.6272898 5.7578968 0.2260012 -0.2765936 -0.633267 0.6710952 0.268515
151282 7.6484158 5.7674534 0.2288192 -0.277678 -0.6309402 0.6715534 0.271708
151348 7.6695416 5.77672 0.23219 -0.2768288 -0.6268768 0.6744918 0.274685
151414 7.6914346 5.7855252 0.2360254 -0.2767902 -0.6220374 0.6782044 0.276577
151480 7.714552 5.794588 0.239107 -0.276577 -0.617958 0.681586 0.277621
151546 7.7388488 5.8048514 0.2405656 -0.2758868 -0.615713 0.68369 0.2781232
151612 7.7643766 5.8161738 0.2413154 -0.2765528 -0.6138172 0.6853802 0.2774902
151678 7.792013 5.8276004 0.2415024 -0.2806936 -0.6112758 0.6866468 0.275805
151744 7.8223294 5.8390382 0.239182 -0.2847406 -0.6080386 0.687856 0.2758014
151810 7.856112 5.850701 0.234743 -0.286237 -0.606185 0.688729 0.276155
151876 7.8913884 5.862321 0.2314972 -0.288984 -0.6076748 0.6869898 0.2743428
151942 7.9262322 5.874533 0.2298752 -0.2895102 -0.614116 0.6827136 0.270088
152008 7.956769 5.8862368 0.2289388 -0.2876442 -0.6179448 0.6799662 0.270279
152074 7.9831156 5.8976046 0.2290234 -0.2863592 -0.6187126 0.6792178 0.2717648
152140 8.005896 5.908892 0.230618 -0.285265 -0.617833 0.680424 0.271898
152206 8.025568 5.920708 0.2329546 -0.2821448 -0.6181228 0.68134 0.2722036
152272 8.0438178 5.9333908 0.2350914 -0.276592 -0.618325 0.683475 0.2720888
152338 8.0612674 5.9475022 0.2358744 -0.270375 -0.6181866 0.686169 0.271872
152404 8.0774956 5.9635928 0.235521 -0.2652954 -0.6187736 0.6876294 0.2718518
152470 8.092922 5.981862 0.234562 -0.261712 -0.620937 0.68754 0.270618
152536 8.108587 6.0014082 0.2330428 -0.2585582 -0.6255968 0.685855 0.2671672
152602 8.1241854 6.0201198 0.231269 -0.2583162 -0.6321622 0.680964 0.2644444
152668 8.1396116 6.0371606 0.229946 -0.2596142 -0.6377632 0.6759162 0.2626708
152734 8.1557386 6.0527158 0.2298638 -0.2603644 -0.6429466 0.67153 0.2605318
152800 8.171596 6.065651 0.231643 -0.258589 -0.64517 0.670423 0.259656
152866 8.1868982 6.0752666 0.23533 -0.2560184 -0.6428076 0.673589 0.2598664
152932 8.202717 6.0821992 0.239336 -0.253656 -0.6389778 0.6782754 0.2594376
152998 8.2202524 6.087512 0.2416902 -0.2513894 -0.6373956 0.6805944 0.2594616
153064 8.2394648 6.0912626 0.2427318 -0.2496992 -0.6365162 0.6819202 0.2597742
153130 8.259931 6.093253 0.243245 -0.248926 -0.635019 0.683043 0.261226
153196 8.2824792 6.093984 0.2438418 -0.2493664 -0.63446 0.6826056 0.2632988
153262 8.3072852 6.0934942 0.2451546 -0.2494056 -0.6318254 0.6838048 0.2664664
153328 8.3350768 6.092083 0.2473986 -0.2491508 -0.6256356 0.688116 0.2701848
153394 8.3657164 6.0903988 0.250251 -0.2507034 -0.61998 0.691722 0.272567
153460 8.397756 6.088759 0.253066 -0.254045 -0.616484 0.693069 0.273979
153526 8.4293664 6.087693 0.255534 -0.2578622 -0.6149406 0.6926754 0.2748732
153592 8.4588536 6.087845 0.2571832 -0.2606688 -0.6147624 0.691842 0.2747242
153658 8.4846778 6.0892636 0.2576926 -0.262212 -0.6146134 0.6909524 0.2758258
153724 8.5072532 6.091907 0.2577632 -0.261937 -0.6166844 0.6891926 0.2758668
153790 8.527063 6.095374 0.257801 -0.259144 -0.619472 0.687957 0.275344
153856 8.5447278 6.0994914 0.2576902 -0.2553234 -0.619742 0.688659 0.276548
153922 8.5612608 6.1047914 0.2577836 -0.2512118 -0.6176244 0.6919448 0.2768488
153988 8.5770048 6.1121114 0.2575246 -0.2480784 -0.6165772 0.6944314 0.2757796
154054 8.5927148 6.1217326 0.256446 -0.2458202 -0.6173362 0.695394 0.27367
154120 8.608994 6.133661 0.254695 -0.245844 -0.619411 0.694652 0.270832
154186 8.6261602 6.1474496 0.2528304 -0.2469892 -0.6209912 0.6942052 0.2672916
154252 8.6437622 6.1625672 0.2508 -0.248805 -0.6231546 0.6925536 0.2648464
154318 8.661576 6.1782288 0.2496278 -0.2510542 -0.6266682 0.6894064 0.262636
154384 8.6792296 6.1931082 0.2498352 -0.2526132 -0.6294382 0.6869054 0.2610636
154450 8.696726 6.206565 0.251168 -0.252959 -0.631556 0.68552 0.259249
154516 8.7150568 6.2183434 0.2528648 -0.2518682 -0.6341112 0.6846756 0.2562896
154582 8.7342454 6.2284452 0.254509 -0.2500618 -0.6366174 0.6837508 0.254307
154648 8.7544222 6.2373858 0.2569344 -0.2480396 -0.6373214 0.6846632 0.2520608
154714 8.774922 6.2446972 0.2601454 -0.2463072 -0.6342318 0.6883976 0.2513792
154780 8.795407 6.250443 0.263617 -0.245211 -0.629374 0.692917 0.252244
154846 8.8170692 6.2551036 0.2664498 -0.2450924 -0.6255358 0.695674 0.2543072
154912 8.8410006 6.2582116 0.2685684 -0.245313 -0.6217186 0.698226 0.256453
154978 8.8681196 6.2600556 0.2693226 -0.2466398 -0.6186992 0.699574 0.2587976
155044 8.8987336 6.2609454 0.268808 -0.2479106 -0.61711 0.6999774 0.2602834
155110 8.932498 6.260774 0.267597 -0.250292 -0.61631 0.699757 0.260493
155176 8.9680928 6.25975 0.2661982 -0.253364 -0.614535 0.7004246 0.2599208
155242 9.0046666 6.2587716 0.2650954 -0.2568682 -0.6137316 0.700693 0.2576458
155308 9.0410944 6.2574558 0.2642838 -0.2604066 -0.6129598 0.7010126 0.2550496
155374 9.0757066 6.2554812 0.2640242 -0.2633536 -0.6128186 0.701277 0.2516136
155440 9.107379 6.253018 0.263796 -0.265461 -0.615896 0.699226 0.24756
155506 9.1351182 6.2497404 0.2628206 -0.2665716 -0.6202006 0.6956724 0.245623
155572 9.159401 6.2450176 0.2613498 -0.2669932 -0.6244458 0.6919942 0.2447996
155638 9.1802868 6.2384824 0.2599656 -0.2676506 -0.6289562 0.6872724 0.2458332
155704 9.1977494 6.229946 0.259146 -0.2678674 -0.6311256 0.6844364 0.2479402
155770 9.212923 6.219951 0.259149 -0.268971 -0.630845 0.683505 0.250019
155836 9.226081 6.2086914 0.259151 -0.270444 -0.628461 0.6845034 0.2516974
155902 9.238133 6.1961384 0.2586782 -0.2735736 -0.62671 0.6845234 0.2526262
155968 9.2486414 6.181349 0.2568708 -0.276485 -0.6252318 0.6833882 0.2561682
156034 9.2588716 6.1647558 0.2540036 -0.2784714 -0.6238596 0.6820018 0.2610102
156100 9.270269 6.146121 0.252049 -0.27858 -0.620405 0.683891 0.264166
156166 9.2831876 6.125267 0.2524554 -0.2775462 -0.6155842 0.6885402 0.2644548
156232 9.297502 6.1031428 0.2552478 -0.2773662 -0.6138056 0.6908052 0.2628666
156298 9.31306 6.0808788 0.2597176 -0.2759058 -0.6152804 0.6913936 0.2593842
156364 9.329425 6.0589724 0.264158 -0.2706034 -0.6163256 0.69391 0.2557448
156430 9.345924 6.0396 0.267245 -0.264459 -0.619331 0.693798 0.255215
156496 9.3617062 6.0223992 0.2700628 -0.2599398 -0.6236294 0.691369 0.2559824
156562 9.3775198 6.0050804 0.27374 -0.259503 -0.6259328 0.6897746 0.2551026
156628 9.3944504 5.986663 0.2766904 -0.2602098 -0.624718 0.6900392 0.2566392
156694 9.4132656 5.9680198 0.2785984 -0.2592006 -0.6214022 0.6909892 0.2630752
156760 9.436946 5.950089 0.279944 -0.256442 -0.618169 0.692677 0.268894
156826 9.466013 5.9316416 0.2816742 -0.256783 -0.6117172 0.696224 0.2741088
156892 9.500121 5.9128578 0.2840666 -0.2605446 -0.603175 0.7012326 0.2767118
156958 9.5368012 5.8945826 0.2864204 -0.2653512 -0.5993592 0.7024938 0.2772348
157024 9.5728766 5.8769926 0.2872018 -0.2690898 -0.6002492 0.6990064 0.280502
157090 9.608416 5.860918 0.287246 -0.274241 -0.604084 0.692666 0.282997
157156 9.6412878 5.845735 0.2873672 -0.2793434 -0.6070122 0.6871194 0.2852554
157222 9.6696156 5.8307162 0.2867036 -0.2800694 -0.6084626 0.6835094 0.2900852
157288 9.6954448 5.8153578 0.285509 -0.278439 -0.6119906 0.6800644 0.2923204
157354 9.7185866 5.7985812 0.2840548 -0.2792342 -0.6165506 0.6754758 0.2926186
157420 9.738517 5.779488 0.281735 -0.281775 -0.618257 0.67181 0.295014
157486 9.756438 5.759112 0.277364 -0.2841058 -0.618567 0.6687586 0.2990334
157552 9.7741866 5.7376344 0.2719002 -0.2884628 -0.6201012 0.6641062 0.302038
157618 9.7907384 5.714593 0.267249 -0.2946288 -0.6182876 0.6620634 0.3042794
157684 9.8063874 5.6909936 0.2645066 -0.301828 -0.6141624 0.6615554 0.3066722
157750 9.82348 5.667386 0.264796 -0.306954 -0.610753 0.662487 0.306384
157816 9.8415636 5.6452266 0.2674458 -0.3100704 -0.6139552 0.6582562 0.3059628
157882 9.860492 5.6246518 0.2716976 -0.309837 -0.6197952 0.6524928 0.3067706
157948 9.8785926 5.606412 0.2757868 -0.3081784 -0.617592 0.6522636 0.3133024
158014 9.8982276 5.5916818 0.2789636 -0.3080566 -0.612666 0.6538412 0.3197388
158080 9.920402 5.577505 0.281156 -0.310009 -0.607032 0.657276 0.321549
158146 9.9445868 5.5620826 0.2814288 -0.3147222 -0.6043288 0.6571002 0.3224226
158212 9.9717416 5.5458224 0.2798526 -0.3213374 -0.6052656 0.6526806 0.3231148
158278 10.0021888 5.5285378 0.277517 -0.3270362 -0.6056394 0.6490622 0.3239844
158344 10.0351528 5.510732 0.2754578 -0.3325444 -0.6050458 0.6460642 0.325475
158410 10.069064 5.493383 0.273817 -0.338902 -0.603094 0.643597 0.327423
158476 10.1025284 5.4777504 0.2722192 -0.343467 -0.6026828 0.641478 0.327582
158542 10.1335746 5.4651238 0.270636 -0.3484236 -0.6060374 0.6355316 0.3277478
158608 10.1618404 5.4556874 0.269857 -0.3519672 -0.6097098 0.6306696 0.3265408
158674 10.1873242 5.4485638 0.2699042 -0.3538034 -0.6099058 0.6302588 0.3249792
158740 10.209875 5.443237 0.27012 -0.353604 -0.607617 0.633109 0.323942
158806 10.2300108 5.4396286 0.2702784 -0.3523236 -0.605848 0.6360748 0.3228402
158872 10.2492244 5.4377186 0.2700458 -0.351357 -0.6062822 0.6368998 0.3214464
158938 10.2677002 5.4373524 0.2692622 -0.3509428 -0.6069788 0.6363888 0.3215984
159004 10.285512 5.4387498 0.2677586 -0.3501454 -0.606374 0.6359004 0.3245602
159070 10.303174 5.442498 0.266024 -0.348774 -0.605424 0.636434 0.326756
159136 10.3220714 5.448159 0.2645974 -0.3490466 -0.6061814 0.6362108 0.3254936
159202 10.3417726 5.4550486 0.2630564 -0.3496376 -0.6075024 0.6358164 0.3231604
159268 10.3616694 5.4627394 0.2614194 -0.3513802 -0.6099144 0.633862 0.3205546
159334 10.381035 5.4705134 0.2600652 -0.354315 -0.6138848 0.6295888 0.318158
159400 10.399857 5.477196 0.259506 -0.357075 -0.618309 0.624167 0.317186
159466 10.417939 5.4823656 0.260351 -0.3573074 -0.6206022 0.6211506 0.3183654
159532 10.4358448 5.4858434 0.2627572 -0.3551206 -0.6193324 0.6218726 0.3218562
159598 10.453854 5.4872086 0.2663278 -0.3533144 -0.6153434 0.6243564 0.3266508
159664 10.4721926 5.4864814 0.270044 -0.3522532 -0.6100478 0.6270418 0.3325322
159730 10.491863 5.483731 0.272921 -0.35234 -0.606071 0.628158 0.337568
159796 10.5130438 5.4787612 0.2744518 -0.3536774 -0.604065 0.6273318 0.3412814
159862 10.535513 5.4716104 0.2746258 -0.3557764 -0.6027396 0.6254946 0.3447954
159928 10.5594128 5.4626062 0.2736562 -0.3586048 -0.6014376 0.6239084 0.3470062
159994 10.5835122 5.452698 0.2719062 -0.3611986 -0.6005614 0.623003 0.347461
160060 10.606498 5.443331 0.270121 -0.364192 -0.601962 0.620412 0.346548
160126 10.6271536 5.4354526 0.2689228 -0.3670646 -0.604102 0.617312 0.3453258
160192 10.6446918 5.4300368 0.2688382 -0.3690936 -0.6057358 0.6152082 0.3440544
160258 10.6592742 5.4281642 0.2695272 -0.3686102 -0.6081072 0.614372 0.3418758
160324 10.6713236 5.4304796 0.2702448 -0.3652916 -0.6114152 0.6143828 0.3395106
160390 10.681429 5.436294 0.271071 -0.360578 -0.613238 0.617242 0.336058
160456 10.6903294 5.4454476 0.2715112 -0.355721 -0.6139396 0.6214186 0.3322332
160522 10.6982568 5.4577948 0.2712656 -0.3506116 -0.614829 0.6255792 0.3281874
160588 10.7055824 5.4728806 0.2705264 -0.3459272 -0.6183642 0.6271508 0.3234838
160654 10.7125984 5.4887278 0.2693066 -0.3407958 -0.6225422 0.6276142 0.3199984
160720 10.719642 5.504033 0.268306 -0.337451 -0.625572 0.62751 0.317832
160786 10.7255724 5.5175944 0.2685692 -0.336369 -0.6264672 0.6279192 0.316404
160852 10.7286728 5.5281208 0.2695916 -0.3391032 -0.6250104 0.6258208 0.3204984
160918 10.7290776 5.5360264 0.2704732 -0.34356 -0.621725 0.6224008 0.3286958
160984 10.7283204 5.5416936 0.2713668 -0.3473964 -0.6186702 0.619788 0.3352988
161050 10.726573 5.544812 0.272998 -0.350622 -0.61451 0.619187 0.340659
161116 10.7245848 5.5460012 0.2755256 -0.353117 -0.6085772 0.6219536 0.3436792
161182 10.7242088 5.5462102 0.2778178 -0.355385 -0.6055918 0.6238432 0.3431902
161248 10.7251806 5.5457784 0.278886 -0.354662 -0.604786 0.6255404 0.3422682
161314 10.7263996 5.5444704 0.279246 -0.3514442 -0.6024652 0.6288476 0.3436184
161380 10.727848 5.542869 0.27954 -0.348952 -0.601728 0.630628 0.344187
161446 10.7289804 5.5411916 0.279988 -0.3472678 -0.6023922 0.6311058 0.3438508
161512 10.7292616 5.539645 0.2804206 -0.3455408 -0.6018598 0.6323194 0.3442932
161578 10.7295592 5.5386046 0.2808542 -0.3441676 -0.6019722 0.6332516 0.3437592
161644 10.730247 5.5376784 0.2816888 -0.3430188 -0.6023458 0.6348254 0.3413414
161710 10.730343 5.536647 0.282988 -0.342386 -0.601185 0.636979 0.34001
161776 10.7300096 5.5358812 0.2845786 -0.3411076 -0.5991324 0.639747 0.3397208
161842 10.7297756 5.5356574 0.2862726 -0.3394886 -0.597695 0.6419906 0.3396418
161908 10.7295614 5.5357006 0.287796 -0.338764 -0.596458 0.6433912 0.3398882
161974 10.729509 5.5359566 0.2888252 -0.3384342 -0.5948922 0.6448068 0.340278
162040 10.729653 5.536446 0.28988 -0.338115 -0.593171 0.64666 0.340084
162106 10.72963 5.5370522 0.2911626 -0.3375062 -0.5906148 0.6489602 0.3407558
162172 10.7294972 5.5376054 0.2924274 -0.337096 -0.588002 0.6511944 0.3414182
162238 10.729475 5.538176 0.2931096 -0.337474 -0.586492 0.6522148 0.3416918
162304 10.7295562 5.5387584 0.2931898 -0.3379918 -0.5861032 0.6523894 0.3415142
162370 10.729463 5.539212 0.293071 -0.337963 -0.585678 0.652918 0.341264
162436 10.729129 5.539416 0.29289 -0.3383666 -0.5851414 0.6531642 0.3413126
162502 10.728961 5.5395498 0.2927196 -0.3390844 -0.5851078 0.6532054 0.340577
162568 10.7288736 5.5395862 0.2922578 -0.339129 -0.5853428 0.6532518 0.340041
162634 10.7289108 5.5395048 0.2915188 -0.3387854 -0.5857506 0.6531466 0.339883
162700 10.728978 5.539186 0.290711 -0.338206 -0.586168 0.653432 0.339189
162766 10.7288782 5.5387624 0.289735 -0.3383652 -0.58691 0.6529172 0.3387408
162832 10.728481 5.5383706 0.2885674 -0.337838 -0.586597 0.6533202 0.3390298
162898 10.7278986 5.5382376 0.287132 -0.3374166 -0.5868342 0.6531924 0.339286
162964 10.7267882 5.538335 0.2858722 -0.3385276 -0.5881966 0.6518468 0.3384074
163030 10.72486 5.538403 0.284534 -0.340183 -0.588525 0.650743 0.338301
163096 10.7223984 5.5385144 0.2829936 -0.3420886 -0.5891052 0.6490456 0.3386292
163162 10.719218 5.5383944 0.2812512 -0.3428944 -0.5902788 0.6473386 0.3390388
163228 10.7157842 5.5369688 0.2797672 -0.341816 -0.5914108 0.6470758 0.3386556
163294 10.7116964 5.533111 0.2786404 -0.3409956 -0.5918252 0.6475004 0.3379476
163360 10.707756 5.526536 0.277641 -0.342238 -0.593359 0.646681 0.335562
163426 10.7033118 5.5171188 0.2761952 -0.3432204 -0.5942852 0.6454194 0.335349
163492 10.6979984 5.504941 0.274271 -0.3418298 -0.5943482 0.6445606 0.3382958
163558 10.6922446 5.4896094 0.2728184 -0.3400846 -0.5945438 0.6434416 0.3418236
163624 10.6868012 5.4713974 0.2726768 -0.3384638 -0.5937436 0.643659 0.3444036
163690 10.681411 5.451693 0.274154 -0.338045 -0.590223 0.645783 0.346882
163756 10.6771046 5.4326964 0.2765954 -0.3383436 -0.5871502 0.6485622 0.3466196
163822 10.6735046 5.4156902 0.2791734 -0.339933 -0.5845912 0.6505464 0.3456698
163888 10.6703508 5.401448 0.2811616 -0.3410116 -0.5817108 0.6523222 0.3461214
163954 10.667355 5.3904414 0.2819128 -0.3411028 -0.5794384 0.6535186 0.3475836
164020 10.663694 5.381909 0.281636 -0.341628 -0.57731 0.654883 0.348039
164086 10.659232 5.3749976 0.280544 -0.343157 -0.577264 0.655143 0.3461174
