103828 8.562151211 3.8574861342 0.2414277724 -0.285734034 -0.6163889446 0.6680048888 0.3036283898
103894 8.563038507 3.8573465738 0.2416054052 -0.2856320196 -0.6160787504 0.668231985 0.303854135
103960 8.563705033 3.85725475 0.241744582 -0.285671984 -0.615967913 0.668220623 0.304066189
104026 8.5642856804 3.8572384138 0.2418160542 -0.285775007 -0.6161306 0.667911806 0.304318166
104092 8.5648550332 3.85730665 0.241879896 -0.285630013 -0.6160353332 0.6679235946 0.3046211342
104158 8.5655714898 3.857517848 0.2420274908 -0.2856477526 -0.6158796814 0.6680432746 0.3046567938
104224 8.566140451 3.8576221926 0.2421832394 -0.2855747354 -0.6154982602 0.668375854 0.3047665996
104290 8.566774582 3.857782092 0.242255918 -0.285611613 -0.615834544 0.668162096 0.30452132
104356 8.5673879218 3.857891085 0.2422957848 -0.2855836174 -0.6161996038 0.6679435062 0.3042885442
104422 8.5680073342 3.8579836444 0.2421827086 -0.2852438352 -0.6164428298 0.6678338312 0.3043553266
104488 8.5686521338 3.8580591364 0.2420366108 -0.2848180942 -0.6165886908 0.6677450792 0.3046531612
104554 8.569253477 3.8580948306 0.2421203036 -0.2846350426 -0.616666367 0.6677251536 0.304710687
104620 8.569859186 3.858096465 0.242418193 -0.284437607 -0.616620419 0.667944205 0.304507875
104686 8.5705172338 3.8581244892 0.242635177 -0.2842061042 -0.616613869 0.6679218676 0.3047861598
104752 8.5713701572 3.8581017578 0.2428305736 -0.283646403 -0.6163020088 0.66820883 0.3053088646
104818 8.5720444802 3.8580145484 0.2430521294 -0.282882403 -0.6156727348 0.6688910532 0.3057930458
104884 8.5725980734 3.8580134428 0.2431753858 -0.2828632008 -0.6156189208 0.6689372322 0.305818136
104950 8.572911118 3.857997265 0.243141609 -0.283171664 -0.61563972 0.668656298 0.306105047
105016 8.5731195876 3.8580968928 0.2429602314 -0.2834607124 -0.6157609558 0.6681973382 0.3065954724
105082 8.5733112082 3.8581212222 0.2426715434 -0.2834313462 -0.6156408482 0.668001735 0.3072892752
105148 8.5735702728 3.858010716 0.2423943304 -0.2836526428 -0.615736193 0.6676422232 0.3076751192
105214 8.573741903 3.8575499976 0.2421635648 -0.2841939468 -0.6156908834 0.6673327728 0.3079375018
105280 8.573831292 3.856568111 0.242104894 -0.284564346 -0.615407087 0.667261739 0.308316432
105346 8.5732876546 3.8542803758 0.2424015424 -0.2843024412 -0.614310334 0.6678510936 0.3094670236
105412 8.5721062248 3.8502424424 0.243170635 -0.2844723838 -0.613547075 0.667804532 0.3109220884
105478 8.5707738644 3.8440176392 0.2446751838 -0.2851490834 -0.6126905482 0.6681055296 0.3113443186
105544 8.569386864 3.8353492002 0.2466270122 -0.285312488 -0.6112124142 0.6695940578 0.3109018078
105610 8.567787757 3.824244051 0.248130086 -0.285121137 -0.60994738 0.670733285 0.311106077
105676 8.5658983568 3.811148772 0.2486593564 -0.2853215592 -0.609958714 0.670624318 0.3111349762
105742 8.5637907212 3.7971455536 0.2481048876 -0.2868538222 -0.612205203 0.6689174244 0.3089807364
105808 8.5599500044 3.782050474 0.2466167968 -0.2884792274 -0.6131596392 0.6684714514 0.3065303912
105874 8.553581137 3.7661277626 0.2448935888 -0.2894123156 -0.6136075402 0.6686217626 0.3044194794
105940 8.543826571 3.749132523 0.243474161 -0.289716327 -0.615459577 0.667606552 0.30261436
106006 8.5305923748 3.7302616512 0.2420989438 -0.2897125026 -0.617222799 0.6671812676 0.2999529746
106072 8.5138135006 3.7095015512 0.2402867096 -0.2894113834 -0.617264739 0.6686627226 0.2968423926
106138 8.4929860432 3.6877394606 0.2381019802 -0.2892760624 -0.61662342 0.6706090952 0.2939018806
106204 8.4678308704 3.6655042006 0.2364830612 -0.2887669438 -0.61564421 0.6729184652 0.2911640424
106270 8.439216192 3.64271756 0.236571155 -0.28601624 -0.613346157 0.676659134 0.290057957
106336 8.4088502574 3.6196229676 0.2388280888 -0.2811008282 -0.6108746444 0.6801428516 0.2919246786
106402 8.3794255128 3.5974226644 0.2427667196 -0.2775789252 -0.6123117388 0.680044509 0.2925127136
106468 8.3515996918 3.5755895012 0.2471330522 -0.2752632894 -0.6146218868 0.6791550512 0.2919219608
106534 8.3254716774 3.5542229114 0.2500662338 -0.2726212838 -0.6155207092 0.6796143686 0.2914381294
106600 8.301643239 3.533112085 0.25193889 -0.272589989 -0.616507494 0.679500366 0.289641951
106666 8.2792645386 3.5112035232 0.2530134098 -0.2725854518 -0.6166112874 0.680333213 0.2874619438
106732 8.2570365612 3.487356792 0.252848561 -0.270216671 -0.6150118482 0.6825941842 0.2877646358
106798 8.235162326 3.4608385802 0.2519041344 -0.267457712 -0.6130045448 0.6850227576 0.288852137
106864 8.2133254782 3.4307908666 0.2508164564 -0.2655215902 -0.6108317804 0.6876772026 0.2889339258
106930 8.190638014 3.397301143 0.24912062 -0.264315435 -0.608875087 0.689739691 0.289253586
106996 8.1664475346 3.3609323186 0.2463579328 -0.2632088086 -0.607521691 0.6907797662 0.2906230992
107062 8.1410648734 3.3222403872 0.2436438576 -0.2626901828 -0.6064287616 0.6911738412 0.2924324546
107128 8.1156529596 3.2824308526 0.2433395878 -0.2647693468 -0.606644925 0.6904052458 0.2919240694
107194 8.0905762582 3.2437835264 0.2446771328 -0.269320709 -0.6100382234 0.6859407652 0.2912122844
107260 8.065673308 3.206748178 0.246110875 -0.275117335 -0.61073633 0.683092035 0.291027249
107326 8.0411175128 3.1713856332 0.2465699236 -0.2790084348 -0.6093330604 0.683427421 0.2894726662
107392 8.0157656816 3.1374093508 0.2454551732 -0.2806671378 -0.6123119968 0.6807614916 0.2878603682
107458 7.9888033372 3.1028040588 0.2434340838 -0.2808570888 -0.6163940178 0.677702288 0.286177015
107524 7.9596575834 3.066582544 0.2408174206 -0.280725741 -0.616301286 0.6785555528 0.2844785988
107590 7.927680424 3.029669366 0.237200568 -0.27975141 -0.613130324 0.682265987 0.283413968
107656 7.89247235 2.993034242 0.233042555 -0.2772271614 -0.6091640168 0.6869598042 0.2831083504
107722 7.8541943296 2.9571915258 0.2298413998 -0.274550513 -0.6061372138 0.6899884748 0.2848430026
107788 7.8152922098 2.9221256324 0.2302223672 -0.2729897956 -0.6053598246 0.6903089696 0.287209959
107854 7.7785772354 2.8879087346 0.2338892524 -0.2728804296 -0.6068979582 0.6883789808 0.2886960512
107920 7.745686172 2.855071507 0.237932071 -0.271857337 -0.610765227 0.684979561 0.289590099
107986 7.7164902772 2.8228427002 0.2408853138 -0.270850017 -0.6138024476 0.6821103172 0.290881893
108052 7.689727436 2.7901376484 0.242465328 -0.2705304294 -0.6148770662 0.6806260942 0.292382588
108118 7.6644419678 2.7562685272 0.2419937668 -0.270046966 -0.6139479146 0.6804058674 0.2952802014
108184 7.6408279702 2.7205926526 0.2401349326 -0.270367968 -0.6115798648 0.6810389354 0.2984243322
108250 7.618610731 2.682324346 0.238057728 -0.27287246 -0.608299259 0.681597046 0.301559443
108316 7.5977469446 2.6410395356 0.2362249942 -0.2757066246 -0.6040707194 0.6829399448 0.3044293916
108382 7.578434316 2.596816002 0.2345862904 -0.2781741556 -0.5997488226 0.6842888168 0.307683486
108448 7.5603783998 2.5503001348 0.2339184654 -0.2814055112 -0.594494911 0.6853392676 0.3125644998
108514 7.5438430462 2.5043261388 0.234978627 -0.2854038088 -0.5913796526 0.68472613 0.3161720122
108580 7.527825528 2.460951671 0.237003594 -0.290558629 -0.591088278 0.681540285 0.318893665
108646 7.5118341232 2.4208786852 0.2389693444 -0.2961915932 -0.5917488946 0.6774673954 0.3211564278
108712 7.4959354652 2.3839224618 0.2401176582 -0.299933634 -0.5943395358 0.6732985982 0.3216663298
108778 7.4787571864 2.3475252788 0.2395130852 -0.301690819 -0.5954866206 0.6708073508 0.3231034052
108844 7.4604140266 2.310266322 0.2372311352 -0.303770182 -0.5938946838 0.6706782882 0.3243506344
108910 7.440151398 2.272254561 0.23380394 -0.306421022 -0.591482145 0.671110059 0.325371047
108976 7.4176981148 2.2335098752 0.2298997216 -0.3065197086 -0.5897783782 0.6725760696 0.3253436742
109042 7.3926727902 2.1936123794 0.2260431112 -0.304482711 -0.5878302478 0.6752508436 0.32524165
109108 7.3658642082 2.1524412662 0.2230229646 -0.3025077868 -0.5853693158 0.6782983338 0.3251816246
109174 7.3388817838 2.1108532226 0.2221544752 -0.2994741948 -0.5837810028 0.6813874492 0.3243856146
109240 7.313872179 2.070434915 0.224268169 -0.297802163 -0.585739388 0.681799173 0.321516919
109306 7.2911531782 2.0317337098 0.2279114642 -0.2966350034 -0.5900979876 0.680407247 0.3175497042
109372 7.2696180462 1.9948825762 0.2304347866 -0.2950421184 -0.5944770502 0.6775027882 0.3170757798
109438 7.2484768836 1.959375236 0.2310608254 -0.2933161644 -0.5962683304 0.675261394 0.3200807426
109504 7.2274320384 1.925053457 0.2299755408 -0.2927842072 -0.5958967782 0.6738986154 0.3241064556
109570 7.20606757 1.890998659 0.227849381 -0.293761359 -0.59411856 0.673473592 0.327354122
109636 7.1850504102 1.856668245 0.2248193236 -0.2965406948 -0.593245051 0.671743318 0.3299768362
109702 7.164954 1.8219470284 0.2208781368 -0.2998293736 -0.5924271634 0.6691128756 0.3337966374
109768 7.1452899806 1.78665951 0.217152528 -0.301966114 -0.5886972916 0.66859245 0.3394641584
109834 7.1269971476 1.7518002546 0.2155743246 -0.3066059758 -0.5865220028 0.6669951544 0.3422015502
109900 7.108787039 1.718867848 0.216006335 -0.313352854 -0.585734554 0.663595653 0.344043355
109966 7.0894133146 1.6890443928 0.2172499666 -0.3200773304 -0.5822477444 0.6620381372 0.3467610262
110032 7.069268311 1.6636468168 0.2178397832 -0.325758787 -0.5793524488 0.6609301812 0.3484294988
110098 7.0472578928 1.6423545224 0.217100898 -0.330261662 -0.5805088076 0.6571160464 0.3494783406
110164 7.0221822242 1.6235955458 0.2155229388 -0.3339220706 -0.582541153 0.6527474992 0.350802508
110230 6.994501374 1.606316262 0.213515765 -0.336580819 -0.582495446 0.650889724 0.351788253
110296 6.9646155244 1.5904713086 0.210887581 -0.3362753162 -0.5808954874 0.65253798 0.3516723444
110362 6.9322849532 1.5761564444 0.2076329722 -0.3326463626 -0.5799501468 0.6558636488 0.3504953128
110428 6.8969442978 1.5631876334 0.204509028 -0.32811492 -0.5799847976 0.659128982 0.3485786708
110494 6.858480187 1.551902717 0.2023887924 -0.3235096242 -0.579974231 0.662556496 0.3463958396
110560 6.817949569 1.543073563 0.201660472 -0.318830653 -0.581106834 0.664930841 0.344280174
110626 6.7773398712 1.536865945 0.20200294 -0.315726254 -0.5861681152 0.662948422 0.342378328
110692 6.7376883134 1.5318059126 0.2022901528 -0.3115482622 -0.5920843946 0.660589019 0.3405813486
110758 6.6997801488 1.5270740486 0.2016511148 -0.3072332084 -0.5977643232 0.658529643 0.338561766
110824 6.6641637612 1.5216116252 0.2007266076 -0.3075897972 -0.6027662092 0.6556019256 0.335033305
110890 6.629483919 1.515383856 0.199009967 -0.308589155 -0.605136874 0.654433538 0.332112695
110956 6.5944718482 1.5093987954 0.195677661 -0.3068464388 -0.6055928128 0.654849551 0.332076244
111022 6.5587135922 1.5036023448 0.1915574306 -0.3045610242 -0.6059733302 0.6554292636 0.3323422564
111088 6.521614003 1.4977233564 0.1876612038 -0.3038173154 -0.6065207424 0.655525195 0.3318348154
111154 6.4834381142 1.4920444656 0.183931201 -0.3026466958 -0.6067928286 0.6557896284 0.3318845918
111220 6.444194186 1.486228273 0.180765055 -0.301408107 -0.604537438 0.656971334 0.334777994
111286 6.4049665008 1.4805229558 0.1795019298 -0.3010024468 -0.6016133206 0.6581066878 0.3381633786
111352 6.3674157548 1.4767955366 0.1800151608 -0.3028242004 -0.603772802 0.6545238216 0.3396386458
111418 6.3309061758 1.4745563044 0.1818896638 -0.3028366398 -0.6045733824 0.6536614812 0.3398641722
111484 6.2968190162 1.4740971954 0.1838987872 -0.3023243532 -0.6042251912 0.6557705406 0.3368631066
111550 6.263102348 1.475846252 0.185160265 -0.302485729 -0.603160669 0.658784893 0.332719184
111616 6.2284805042 1.480218498 0.1848545202 -0.3027585356 -0.6024367174 0.661720904 0.3279214848
111682 6.1932985478 1.4878553916 0.1829808984 -0.302450962 -0.6031221742 0.6641179438 0.3220470084
111748 6.1568015202 1.499440731 0.1794807642 -0.2996907012 -0.6053487556 0.6654735266 0.3176211742
111814 6.1187861884 1.5153329116 0.1750220306 -0.2941121136 -0.6077990084 0.666320741 0.3163777644
111880 6.079690075 1.535169949 0.171382662 -0.288180774 -0.608554861 0.668070348 0.316693593
111946 6.0396694828 1.5590558488 0.1694285986 -0.2819058648 -0.6104601344 0.669160714 0.3163718918
112012 5.9983458782 1.5853982494 0.1689055002 -0.2759177744 -0.6147233658 0.667764361 0.3163464774
112078 5.9575167118 1.611988151 0.1688993884 -0.271771835 -0.6213287974 0.6636950126 0.3155933814
112144 5.9181585994 1.6369844746 0.168721539 -0.2690873456 -0.6269646452 0.65937069 0.315812463
112210 5.880880631 1.658608594 0.169048305 -0.269825232 -0.629082931 0.657569589 0.314724079
112276 5.845798487 1.6775789294 0.1694422946 -0.2752470178 -0.630084783 0.655847712 0.3116019736
112342 5.8111931298 1.6952024394 0.1679426832 -0.2786921522 -0.6295432268 0.6557957318 0.3097385098
112408 5.7758172672 1.711547704 0.164720906 -0.2809016778 -0.627921615 0.6557325452 0.3111646924
112474 5.7401988808 1.7270528046 0.160957891 -0.283151601 -0.6270968658 0.6548648952 0.3126126012
112540 5.704149292 1.742289345 0.156644135 -0.284253041 -0.626304627 0.654088677 0.314818559
112606 5.6673799142 1.7571448544 0.1526797224 -0.2849552058 -0.624839527 0.653531633 0.3182331334
112672 5.6303362476 1.7722090898 0.1504448014 -0.2869763834 -0.6258167236 0.6497303032 0.3222549588
112738 5.5944102724 1.788646728 0.1509037014 -0.28977038 -0.6313012794 0.6424445038 0.3236612214
112804 5.5576160318 1.8044315308 0.15299387 -0.291210076 -0.629812076 0.64093869 0.3282237182
112870 5.524504409 1.820402431 0.155775496 -0.294833588 -0.627029623 0.642568854 0.327127308
112936 5.4956785288 1.8378237676 0.1581579152 -0.3011677466 -0.6284629252 0.6417435306 0.3201519478
113002 5.4660908376 1.8556932338 0.159029022 -0.3023823832 -0.6269735678 0.6438973136 0.3175928658
113068 5.4361212858 1.875117535 0.1581210382 -0.30055778 -0.6253388736 0.6465569558 0.3171440908
113134 5.4064072488 1.8976968842 0.1557127174 -0.299047825 -0.6265811628 0.6474635658 0.3142567334
113200 5.37553268 1.924309887 0.151988269 -0.296700931 -0.628522274 0.64763247 0.31225069
113266 5.3432985358 1.9553018382 0.1483675744 -0.2932254924 -0.6286620436 0.6493490166 0.3116866734
113332 5.3103002062 1.9903549374 0.1460531802 -0.2887326484 -0.627815064 0.6522778844 0.3114724958
113398 5.277092832 2.028419192 0.1456666422 -0.2831239158 -0.6301789118 0.6526791324 0.311006724
113464 5.2443369536 2.0666010822 0.1471323202 -0.2790274774 -0.6350773622 0.6502200192 0.3098936098
113530 5.212998836 2.103399146 0.148846655 -0.27546595 -0.639942818 0.648040385 0.307628608
113596 5.1823343496 2.137296141 0.149420557 -0.2699410228 -0.6436535536 0.647634983 0.3056315174
113662 5.1526589044 2.1668858976 0.1497273644 -0.2681903926 -0.6468025652 0.64702086 0.3018016474
113728 5.123411853 2.1926247368 0.1502261248 -0.270507012 -0.648528309 0.6467416546 0.2965840534
113794 5.0934724112 2.2161062342 0.1493939458 -0.270878944 -0.6477483238 0.649316891 0.2922911818
113860 5.062057135 2.237603751 0.146927398 -0.269785108 -0.645876047 0.652515126 0.290317305
113926 5.0297595332 2.257678515 0.1433092954 -0.269124551 -0.6451957986 0.6538931238 0.2893408594
113992 4.9962909458 2.2768122796 0.1387848066 -0.2685858562 -0.6442345524 0.6544124362 0.2908054698
114058 4.9625681292 2.2957921464 0.13508472 -0.2695013938 -0.6435353356 0.6538016004 0.2928732136
114124 4.9301920946 2.3162769564 0.1331518768 -0.2690773592 -0.6451700844 0.6521767502 0.293288862
114190 4.899075796 2.337891305 0.132636785 -0.266428591 -0.646009876 0.650686841 0.297142526
114256 4.8697026502 2.3602265412 0.1343110552 -0.2634193876 -0.6449997514 0.6514349704 0.3003631476
114322 4.843065687 2.3832000888 0.1385305274 -0.2660281058 -0.6446379778 0.65232459 0.2968894106
114388 4.8160145688 2.4072300472 0.1435047116 -0.272025629 -0.6430093736 0.653774825 0.2917520616
114454 4.7876021672 2.4342834604 0.146318982 -0.2748813528 -0.6405083502 0.6565008502 0.2884368188
114520 4.758502172 2.465246897 0.145731126 -0.274289593 -0.637735941 0.660225762 0.286635713
114586 4.7290404966 2.500544227 0.142210523 -0.2730274666 -0.6372345648 0.6620176956 0.2848168152
114652 4.6995114942 2.5400344374 0.1373750354 -0.2699321732 -0.6398079642 0.6617036114 0.2827200152
114718 4.6698747658 2.5826881678 0.133583255 -0.2647924192 -0.6430514244 0.6607621156 0.2824236386
114784 4.640586293 2.6262102676 0.132945852 -0.259544719 -0.646140367 0.6600849208 0.2818277814
114850 4.612537783 2.669029854 0.13505451 -0.257673158 -0.650711647 0.657394592 0.279304934
114916 4.5849204548 2.7095781956 0.1372129118 -0.2544596882 -0.6550637538 0.6551768084 0.2772812742
114982 4.556762455 2.7455390202 0.1382044342 -0.251340426 -0.6580903638 0.6537069158 0.276427701
115048 4.5287424052 2.7763877042 0.1387119836 -0.25328832 -0.6604736654 0.6516087586 0.2739078094
115114 4.5002042302 2.8034337418 0.1384911222 -0.2556306394 -0.662333943 0.6502197772 0.2705196814
115180 4.470481125 2.827578625 0.136524572 -0.253128983 -0.663271277 0.650845047 0.269068124
115246 4.4393602634 2.8483243632 0.1331606326 -0.2487650872 -0.6622395888 0.653429781 0.2694142406
115312 4.407299029 2.8670046626 0.1287751816 -0.2449078332 -0.660782966 0.656533965 0.2689778396
115378 4.373885594 2.885418026 0.1235434578 -0.2393481358 -0.6595257762 0.6596292602 0.2694944096
115444 4.3389627488 2.9036752848 0.119447133 -0.2333849774 -0.6580970438 0.6623869852 0.27144633
115510 4.304346689 2.922707008 0.118657761 -0.2305808 -0.661161072 0.660572864 0.270817324
115576 4.268977039 2.941542581 0.120952011 -0.2292142586 -0.6653083542 0.6565037846 0.2717136662
115642 4.2334787574 2.958723979 0.1252515738 -0.2274950406 -0.664987062 0.6573667686 0.271858571
115708 4.2015109322 2.9750644532 0.129551637 -0.2297972932 -0.666408795 0.6571675164 0.2668767086
115774 4.1711943758 2.9911349874 0.1320015078 -0.2319481464 -0.6687999354 0.65582286 0.2623032452
115840 4.141201226 3.008553318 0.132245295 -0.229907908 -0.66952558 0.657530661 0.257936584
115906 4.1118911638 3.02763672 0.1317889748 -0.2281986868 -0.668431234 0.6624671778 0.2495226572
115972 4.0821210298 3.0485950036 0.1310366808 -0.2280457798 -0.6661077998 0.6686963268 0.2390402844
116038 4.0499622366 3.0723719258 0.1289612148 -0.2266105014 -0.663989259 0.6739185432 0.2315156194
116104 4.0159723284 3.1000794522 0.1251303202 -0.221538534 -0.6642793078 0.6769941754 0.2265660084
116170 3.980471245 3.131471004 0.12124144 -0.21396724 -0.666790957 0.678406636 0.222198731
116236 3.9434184508 3.1648637892 0.1200736072 -0.2069238566 -0.6705748648 0.6785267656 0.2170550352
116302 3.9057056392 3.1982273328 0.1217586606 -0.2035198468 -0.6753534214 0.6766137754 0.2113550978
116368 3.868602128 3.2304369738 0.123449244 -0.200012622 -0.679351324 0.6750915884 0.2067072888
116434 3.8315223448 3.2588456154 0.123825038 -0.1946445852 -0.6817401062 0.6745664542 0.2056791052
116500 3.795590801 3.28203391 0.124485299 -0.194608184 -0.683568185 0.673501675 0.203119878
116566 3.7609078228 3.3015130986 0.1255721516 -0.1999141648 -0.6849899082 0.671656698 0.1992491592
116632 3.7266024434 3.318760612 0.1255008248 -0.2024333366 -0.6834465392 0.6727133424 0.1984394962
116698 3.6928431576 3.3339334696 0.1239438454 -0.1996709674 -0.6788810692 0.6775559876 0.2004235452
116764 3.6598501136 3.3468696258 0.1219741954 -0.1965467816 -0.6749161236 0.681935836 0.2020420082
116830 3.627456281 3.357755894 0.119163887 -0.194522673 -0.673264265 0.684049779 0.202366154
116896 3.5953147928 3.3670690984 0.1148374406 -0.1929174796 -0.6723970364 0.6849781986 0.2036416042
116962 3.564667618 3.37664992 0.1104895246 -0.1895024492 -0.6755233496 0.682798158 0.2038220288
117028 3.5345036502 3.3867122248 0.1079262236 -0.1876744034 -0.6821733968 0.6755796698 0.207387224
117094 3.5049723466 3.3975650682 0.109115382 -0.1871504648 -0.6862483232 0.671298563 0.2083173976
117160 3.477313219 3.409297417 0.113131594 -0.189406466 -0.685634497 0.672625104 0.20397548
117226 3.44948268 3.4222201588 0.1169573464 -0.1914515958 -0.6821446522 0.6763628286 0.201390445
117292 3.4210799078 3.4379555344 0.1183692914 -0.1880869358 -0.679873025 0.6802458482 0.199151557
117358 3.392668319 3.4568497912 0.117200644 -0.1822957386 -0.6792583174 0.683776208 0.194489683
117424 3.3635306812 3.4789852062 0.1145311938 -0.1786716194 -0.6807435236 0.685164795 0.1876530974
117490 3.331685805 3.504881448 0.111014349 -0.174498303 -0.681272474 0.6870095 0.182855421
117556 3.2975833748 3.5361025838 0.107679397 -0.1673310342 -0.6802816554 0.6907938604 0.1789430702
117622 3.2615986218 3.5713881888 0.1065671134 -0.1606665322 -0.6807435094 0.6925847004 0.176354397
117688 3.2250403048 3.606730853 0.1088603384 -0.1588359338 -0.6827803586 0.691800971 0.173185906
117754 3.190306992 3.6410357022 0.1120405998 -0.1585207274 -0.6873526922 0.688419309 0.1688079848
117820 3.156257817 3.671143243 0.113904072 -0.154138006 -0.688855529 0.68792165 0.168770078
117886 3.1242065646 3.6958698668 0.1158297404 -0.1518392288 -0.6888169018 0.6888494012 0.1672200912
117952 3.093499525 3.7157592566 0.1177664406 -0.1535339398 -0.688750914 0.6896387578 0.162627757
118018 3.0622045626 3.7322297774 0.1181457484 -0.1547221662 -0.6883311738 0.6907734564 0.158408386
118084 3.0293227132 3.745762773 0.116326329 -0.1521595382 -0.6866924124 0.6934003964 0.1565142852
118150 2.995178843 3.756542418 0.112520841 -0.148004394 -0.684426926 0.69660257 0.156202884
118216 2.959988021 3.7653325858 0.1071384002 -0.1449922582 -0.6833287654 0.6983704192 0.1559415138
118282 2.9235902432 3.7729542802 0.1009470536 -0.1425881568 -0.6829791434 0.6991775508 0.1560731508
118348 2.887271017 3.7805426126 0.0965394068 -0.1386862752 -0.6832798874 0.6996301176 0.1562443876
118414 2.8519676158 3.788397784 0.0956808916 -0.134334672 -0.6846815552 0.6985734576 0.1586198504
118480 2.817133379 3.796394258 0.098178602 -0.130769497 -0.6842511 0.698641802 0.163093234
118546 2.7854005694 3.8062155078 0.1030175836 -0.1274728646 -0.6833674876 0.7009209512 0.1595905154
118612 2.756787098 3.8165547964 0.108384842 -0.1291069488 -0.6840318462 0.7015213624 0.1526413774
118678 2.7284651396 3.8268340826 0.111850644 -0.1310269818 -0.6845115872 0.7018441814 0.1472769636
118744 2.6992076884 3.839104884 0.1121236092 -0.1297519144 -0.6844159996 0.703083105 0.1428745282
118810 2.669059052 3.855151809 0.11012656 -0.127646211 -0.684937505 0.704089234 0.137205717
118876 2.6372954038 3.8752918624 0.1068566548 -0.1261640352 -0.6864202052 0.7040896916 0.1310246642
118942 2.6026782304 3.8992338518 0.1029983832 -0.1209097188 -0.6868689134 0.7050344792 0.1285229762
119008 2.566414795 3.9269947254 0.0992991392 -0.1152670522 -0.6862583904 0.7067828414 0.127361034
119074 2.5290566476 3.9585477242 0.0966702412 -0.1105260116 -0.6873284174 0.7068631364 0.1253314908
119140 2.490887997 3.991138535 0.095889071 -0.106265148 -0.689486019 0.705593602 0.124315792
119206 2.4539676762 4.023322773 0.0970439006 -0.1062950564 -0.6935207496 0.702202563 0.1210025612
119272 2.4184803664 4.0535214646 0.0974967394 -0.105129936 -0.6964243852 0.7000321422 0.1178802214
119338 2.3849445342 4.0792800758 0.096572052 -0.1042504246 -0.6962366614 0.7003540298 0.1178583302
119404 2.3537475238 4.1009986146 0.0957726828 -0.10731272 -0.6962149412 0.700043532 0.117079647
119470 2.324077014 4.119505696 0.094745418 -0.110555206 -0.697253209 0.699098332 0.113477005
119536 2.2949181048 4.134910361 0.091366895 -0.1098632468 -0.6966861496 0.7001351326 0.1112169564
119602 2.266270075 4.1477732802 0.0858505486 -0.1069346304 -0.694777613 0.7025895448 0.1105301198
119668 2.2377310602 4.1596114162 0.0790315518 -0.1036237804 -0.6940814748 0.704169932 0.107970453
119734 2.2088871106 4.170759809 0.0719423304 -0.100968917 -0.6947934456 0.7046884898 0.1023776506
119800 2.179671828 4.181993879 0.065515333 -0.098609897 -0.697851631 0.702708535 0.097364798
119866 2.1502110076 4.1951433686 0.0605506498 -0.09198623 -0.7017410268 0.6997771534 0.0970023166
119932 2.1207896726 4.2092972078 0.0591956552 -0.083411039 -0.7025497262 0.6993182782 0.1020791336
119998 2.0933619732 4.222487278 0.0641611536 -0.0787144006 -0.6976099584 0.7051263782 0.09970309
120064 2.06920177 4.235833454 0.0726108794 -0.0782938172 -0.694550955 0.7094567196 0.090219295
120130 2.046381131 4.249885583 0.080147766 -0.076716981 -0.69569877 0.709635055 0.080844392
120196 2.0225019606 4.2643419024 0.08467736 -0.0729955128 -0.6972414748 0.7090923696 0.0755899972
120262 1.9963064734 4.2799200426 0.0868262254 -0.0696161498 -0.6958993472 0.7110185818 0.073007912
120328 1.9678869532 4.298085978 0.0878582346 -0.0686531758 -0.693502228 0.7138115884 0.0693853136
120394 1.937286807 4.318554156 0.0877813334 -0.0697889448 -0.6911811616 0.7162438364 0.0662782182
120460 1.905005628 4.341013615 0.086447032 -0.072823183 -0.690477011 0.71662517 0.066231764
120526 1.8715327284 4.3672716832 0.084159614 -0.0737379682 -0.6928758728 0.7142078752 0.066278006
120592 1.8370400866 4.3958291726 0.0819277834 -0.0687531322 -0.693693992 0.713754158 0.0679450784
120658 1.8033855008 4.4250886844 0.081104112 -0.0659798118 -0.6952496714 0.7124663906 0.0683093
120724 1.7717072368 4.4534542604 0.0814853502 -0.0676459616 -0.698838313 0.7090920246 0.0650937302
120790 1.74185515 4.480118783 0.082398722 -0.065978098 -0.702683319 0.705772106 0.061390376
120856 1.7141474274 4.5024669848 0.0830601812 -0.062784943 -0.7023222864 0.7065872272 0.0594630164
120922 1.6887461626 4.520158457 0.0837348656 -0.0634952144 -0.7007923504 0.7083363192 0.0558388752
120988 1.6645177204 4.533919848 0.083569558 -0.0650066758 -0.7014369594 0.7079284164 0.0509669634
121054 1.6397167678 4.5431104648 0.0815209964 -0.0626177812 -0.7016921616 0.7079570866 0.050038104
121120 1.614987941 4.548620253 0.078150563 -0.058692212 -0.700222901 0.709657172 0.051281692
121186 1.5907842776 4.5512311658 0.0743304832 -0.0550682488 -0.6965841394 0.7133724458 0.0532690262
121252 1.567085097 4.5533693872 0.0707902784 -0.0521656574 -0.6945706466 0.7154190792 0.055007588
121318 1.5430530162 4.5557186294 0.0682044656 -0.048714092 -0.6935888348 0.7162763086 0.0592413668
121384 1.5194226208 4.5595169562 0.0684711524 -0.0469457708 -0.6946297514 0.7149848044 0.0638929878
121450 1.498148293 4.566021308 0.071742677 -0.048310374 -0.694198694 0.715385959 0.063065125
121516 1.4785738896 4.5754915756 0.0756088488 -0.0519142606 -0.6922962008 0.7172250432 0.0601575532
121582 1.4595026184 4.587638414 0.078414054 -0.0561811422 -0.6911722164 0.7182147822 0.0573767688
121648 1.4396906284 4.6036273014 0.0796850446 -0.0583335954 -0.6917119176 0.7177755486 0.054129632
121714 1.419082142 4.6240547052 0.0794817228 -0.0589492916 -0.693216372 0.7165450256 0.0503902222
121780 1.398252761 4.648967546 0.078630828 -0.05873373 -0.69403671 0.716052691 0.046172905
121846 1.3777851176 4.6767191976 0.0782170822 -0.0578079584 -0.693060074 0.7173281494 0.0420261084
121912 1.3580663256 4.7054970374 0.07841548 -0.0550665136 -0.693013244 0.7177678538 0.038852989
121978 1.339953509 4.733603715 0.0788831126 -0.0505002992 -0.6940894312 0.7171068154 0.038043438
122044 1.324563542 4.7596760494 0.0796538676 -0.0456655986 -0.694495242 0.7171139006 0.0365860576
122110 1.312517957 4.783446262 0.080665375 -0.042358961 -0.694816277 0.717131196 0.034042719
122176 1.3040181928 4.8042176456 0.0817254244 -0.0413096258 -0.694450478 0.717674824 0.0312226328
122242 1.2985358592 4.822107015 0.0825841804 -0.04157952 -0.6942600056 0.7179382116 0.0289637316
122308 1.295922646 4.8376190058 0.0825879878 -0.04115942 -0.694103715 0.7181601772 0.0277828838
122374 1.29644825 4.8507425154 0.0816132502 -0.0406383276 -0.692768708 0.7194600784 0.0282351378
122440 1.300241284 4.862982467 0.080268925 -0.041474081 -0.692397345 0.719743043 0.028909673
122506 1.3063389728 4.8752056784 0.0788798502 -0.0436396588 -0.6921830564 0.7196998506 0.0317836556
122572 1.313902003 4.888267787 0.0780163918 -0.0465543552 -0.690466923 0.7209483586 0.036350758
122638 1.3227047564 4.901948408 0.078340645 -0.0511887414 -0.6879320368 0.7227841634 0.0413775624
122704 1.3329329326 4.9172342112 0.0801176674 -0.0570724304 -0.6891580776 0.721019711 0.043979711
122770 1.344033271 4.933596672 0.082717411 -0.062036453 -0.691564117 0.718317594 0.043707947
122836 1.3550486762 4.9511807608 0.0851595086 -0.0651038734 -0.6936225846 0.7161763626 0.0417194242
122902 1.3653175046 4.9703535408 0.0872011796 -0.0658499038 -0.695836695 0.7140881814 0.0394098298
122968 1.3743175216 4.9902596944 0.0886102382 -0.0651586984 -0.6962283932 0.7138008798 0.038841593
123034 1.382012319 5.0112394518 0.0897116028 -0.0648225924 -0.694933166 0.7151232212 0.038270246
123100 1.387944763 5.032812866 0.090178162 -0.06566519 -0.691856589 0.718092429 0.036956818
123166 1.3922171598 5.0566104316 0.0896799448 -0.0675305536 -0.6923653548 0.7175735652 0.034027311
123232 1.3952625256 5.0822682556 0.0881226278 -0.0703226762 -0.6950573722 0.714802461 0.031738386
123298 1.3979887034 5.1093915548 0.085710217 -0.073656775 -0.6969280886 0.7126921312 0.030590416
123364 1.4005619934 5.1380985188 0.0825193276 -0.0760651596 -0.6987108438 0.7106407368 0.0317319278
123430 1.402834842 5.167236147 0.079336588 -0.076373486 -0.700482073 0.708713858 0.034880141
123496 1.4055924042 5.1950325138 0.0775761578 -0.0768845516 -0.7020758078 0.706950346 0.0374095646
123562 1.4095695616 5.2201628568 0.0774857608 -0.077823368 -0.7034684122 0.7053506148 0.039448624
123628 1.4155687038 5.242464239 0.0785849952 -0.0782887502 -0.7046251904 0.704051088 0.0410641352
123694 1.4237779228 5.2625156168 0.0802657332 -0.0780812762 -0.7050590608 0.70359345 0.0418483232
123760 1.433374527 5.280033058 0.082105463 -0.076752623 -0.703049787 0.705698469 0.042657959
123826 1.443335628 5.2950729388 0.083522867 -0.0754961974 -0.698998747 0.7096754038 0.0454050532
123892 1.4536244326 5.308391641 0.0844395958 -0.0762645704 -0.6950182952 0.7132448402 0.0491425222
123958 1.465202676 5.321091154 0.0847306324 -0.078823367 -0.6937273238 0.7139482218 0.052982088
124024 1.4783902488 5.3333488416 0.0840506398 -0.0828760998 -0.6931481984 0.7135846968 0.0589373524
124090 1.493554251 5.345917529 0.082235512 -0.0881991 -0.692389877 0.71302927 0.066380994
124156 1.511179658 5.360138169 0.0797086574 -0.0940401516 -0.69208913 0.711844626 0.0737964308
124222 1.5310185492 5.37582324 0.0779188788 -0.0993980436 -0.6916762062 0.7110152532 0.0784934614
124288 1.5518040308 5.3932192212 0.077946062 -0.1034791164 -0.6932253872 0.708992879 0.07784372
124354 1.5718554524 5.4124386688 0.0789117354 -0.1038429476 -0.696654172 0.7058932686 0.0748606234
124420 1.589752966 5.432335591 0.080105181 -0.102532038 -0.700333752 0.702544767 0.073828631
124486 1.6050947742 5.4525835614 0.0821499624 -0.1015206818 -0.702728459 0.7004451266 0.0724073512
124552 1.6176127088 5.4738335062 0.0845473352 -0.0981325976 -0.7019195458 0.702071142 0.069100396
124618 1.6273795784 5.4960499626 0.0865048508 -0.0935976178 -0.6985262298 0.7064855004 0.06464206
124684 1.6345288598 5.5203323236 0.0874738174 -0.0917913726 -0.6983727912 0.707270295 0.0601532312
124750 1.638422028 5.546976389 0.087100374 -0.091068778 -0.700891052 0.705079584 0.05762804
124816 1.6398111592 5.5761037414 0.0859272504 -0.0914531258 -0.70164502 0.7045035952 0.0548197182
124882 1.6397145582 5.6072073048 0.0837077562 -0.0930099728 -0.7010406396 0.705084099 0.052417201
124948 1.6390723276 5.6388086776 0.080467545 -0.0937959038 -0.702684365 0.703396099 0.0516807592
125014 1.63895271 5.6686196924 0.077616953 -0.0920104528 -0.7066624112 0.699609743 0.0520397674
125080 1.640820736 5.695938651 0.077060596 -0.091252067 -0.712490648 0.693812124 0.051525465
125146 1.645300595 5.720435851 0.0784890634 -0.0934218298 -0.7154856122 0.6904381692 0.0514567926
125212 1.651774605 5.7426209656 0.0801826426 -0.0946417968 -0.7122385338 0.6934613072 0.0535758238
125278 1.6603019646 5.7632651472 0.0818115568 -0.0960476536 -0.7060125418 0.6993257178 0.0571341414
125344 1.671254456 5.7828521736 0.0831471684 -0.0980945012 -0.7002142234 0.7045491166 0.060727336
125410 1.684763389 5.80232225 0.083212991 -0.099362361 -0.697418165 0.706848268 0.064035538
125476 1.7008725574 5.8216501386 0.0810792324 -0.1000360602 -0.6973295162 0.706432617 0.0683892522
125542 1.7197551528 5.8412973682 0.0771001024 -0.1004934154 -0.6989431164 0.7042422514 0.0736365044
125608 1.7411536424 5.8615669652 0.0727589244 -0.1016518846 -0.7001511428 0.702392795 0.078099548
125674 1.7640076826 5.882190232 0.0696344882 -0.1047681842 -0.7005051828 0.7011575494 0.0818171332
125740 1.786520129 5.902418032 0.069567598 -0.110113577 -0.699603993 0.701026749 0.083610708
125806 1.8070521162 5.9224881648 0.0728126302 -0.1148797916 -0.6995346782 0.7003512152 0.0834377646
125872 1.8253346476 5.9434813736 0.0771677488 -0.1171677874 -0.7029274826 0.6965845978 0.0832734434
125938 1.8405766062 5.9641555394 0.0806658308 -0.1174897842 -0.7039989826 0.6950236442 0.0867389182
126004 1.8533785408 5.9849734906 0.0831407074 -0.1175247172 -0.7006055436 0.6979928886 0.0902528044
126070 1.864720977 6.00739015 0.084430642 -0.116870314 -0.697937315 0.700687178 0.090897268
126136 1.8748471892 6.0315287326 0.0840444036 -0.1155947776 -0.6988102212 0.7000784684 0.09051084
126202 1.883833907 6.0573152868 0.082505074 -0.1141206346 -0.7002243558 0.699011882 0.089692288
126268 1.8920298674 6.0852350616 0.080511684 -0.1142282574 -0.7003668116 0.6991139318 0.0876237392
126334 1.8990874228 6.1147632358 0.0777690702 -0.115112847 -0.6992919262 0.7003120346 0.0854566554
126400 1.905474331 6.145885276 0.07445839 -0.116898336 -0.703071038 0.696423102 0.083789958
126466 1.9113973266 6.1754657788 0.0720084926 -0.1190813812 -0.7082569506 0.6906752438 0.0846113324
126532 1.9176587546 6.2024810612 0.0722726394 -0.1212639338 -0.7129320728 0.685381099 0.0852967896
126598 1.9252703296 6.2266953762 0.0745223424 -0.1235219608 -0.7143539378 0.6834617974 0.0855612748
126664 1.9345331064 6.2487496756 0.0770220194 -0.1247901704 -0.711757164 0.6858148706 0.0865269598
126730 1.945266921 6.269637837 0.078608082 -0.125942512 -0.706948543 0.690204674 0.089329435
126796 1.9574316882 6.2896188348 0.0788506248 -0.1283494312 -0.7030414712 0.6932386994 0.0931615132
126862 1.9718994998 6.3093169054 0.0779088554 -0.1312743332 -0.7017777096 0.6935163374 0.0964888842
126928 1.9894256594 6.3291665838 0.0758358102 -0.1331502072 -0.702082873 0.6923151708 0.1002510966
126994 2.010279785 6.3498950538 0.072441382 -0.1332197676 -0.7026373656 0.6911095194 0.104502442
127060 2.033551176 6.371559671 0.068531494 -0.131481327 -0.702213402 0.691472011 0.107123563
127126 2.0579482558 6.3939942412 0.066506303 -0.131252549 -0.7043927432 0.689441496 0.1061784956
127192 2.0814136416 6.4170597028 0.0674652176 -0.1311971544 -0.7090299132 0.685316764 0.1020029424
127258 2.1013727036 6.4398942008 0.0705112458 -0.1295643082 -0.7124727156 0.6823537812 0.0999450536
127324 2.1166450964 6.4618387464 0.0747932818 -0.1279338524 -0.7105211446 0.6844364306 0.1016815272
127390 2.128465224 6.484238557 0.079405621 -0.126574048 -0.704547794 0.690750625 0.102249645
127456 2.1388241912 6.5081753316 0.0829425938 -0.125921598 -0.6989678464 0.697168235 0.0976920298
127522 2.1479744768 6.533586847 0.0843857954 -0.124878131 -0.6978819708 0.6993451396 0.0910077608
127588 2.1557431314 6.5596169472 0.0844771792 -0.124092752 -0.698811457 0.6993489194 0.084702292
127654 2.1621561938 6.586221101 0.083446753 -0.124852055 -0.6987540436 0.7000444668 0.0780529132
127720 2.167478901 6.614094552 0.080939625 -0.124818802 -0.701138971 0.698218933 0.072902211
127786 2.173008467 6.6411799722 0.0781322334 -0.1221566442 -0.7046846124 0.6952149096 0.0719264616
127852 2.1800739308 6.6655779348 0.076753127 -0.1188172242 -0.707540429 0.692872417 0.0720885142
127918 2.18915412 6.686754751 0.0774290746 -0.1173504796 -0.710444506 0.6902195476 0.0713748732
127984 2.2000070448 6.7047857282 0.0788756388 -0.1163489032 -0.7121117466 0.6886602988 0.071461647
128050 2.21219725 6.719723278 0.080274128 -0.114445491 -0.710329665 0.690643638 0.073111982
128116 2.2251400496 6.732026975 0.0814500634 -0.1129873948 -0.706830669 0.694079119 0.0766693848
128182 2.2388180634 6.7424002296 0.0824386898 -0.1131380542 -0.7028140808 0.6977637244 0.0798612706
128248 2.2533482102 6.7511846394 0.0825166736 -0.116067101 -0.7002116252 0.6996356232 0.082109583
128314 2.2669675254 6.757825422 0.0810275366 -0.1224307592 -0.6991205622 0.6991200154 0.0864399486
128380 2.278604632 6.764440332 0.079235912 -0.129441526 -0.70157093 0.694976178 0.08972867
128446 2.2881699208 6.772992745 0.0782146416 -0.1323564184 -0.7042703256 0.6917851082 0.0889855372
128512 2.2954880402 6.7818592374 0.0772382464 -0.1316459066 -0.7027937598 0.6935179432 0.088221481
128578 2.3018537322 6.7903086002 0.0760263914 -0.1315094446 -0.69916795 0.697632496 0.0847244248
128644 2.3076637454 6.7993484248 0.0739617768 -0.1299840262 -0.7003197132 0.6970232786 0.0825522396
128710 2.314243199 6.807435639 0.071587578 -0.125531882 -0.70102448 0.697427305 0.080009863
128776 2.3213547012 6.8136902788 0.0697233294 -0.1209041712 -0.7040846234 0.6952838722 0.0789118726
128842 2.3292262642 6.8178267262 0.0685313596 -0.1162151544 -0.7074385796 0.6928003206 0.0777965238
128908 2.3382187324 6.8204153704 0.0675814528 -0.1144375426 -0.710261263 0.6903335222 0.0766327728
128974 2.348617435 6.8227370702 0.0667379326 -0.114779586 -0.7115595912 0.6888038532 0.077831872
129040 2.360819102 6.824406842 0.066107897 -0.113597588 -0.707960311 0.692272769 0.081524219
129106 2.3758982926 6.8244476824 0.0655966564 -0.1114155254 -0.6991576496 0.700830351 0.0871819476
129172 2.3950866416 6.8233297868 0.065578668 -0.1121499708 -0.6903472672 0.7085407068 0.0938761754
129238 2.4185152598 6.8223310198 0.0654137886 -0.1163662496 -0.6863786718 0.7108500856 0.1001753218
129304 2.4452573408 6.821904156 0.0643139992 -0.1210166242 -0.6851043816 0.710461586 0.1059760806
129370 2.475399065 6.823035225 0.06295999 -0.127547519 -0.684818231 0.708787393 0.111247706
129436 2.507080223 6.8248076026 0.0618754258 -0.1342575042 -0.6819716322 0.7095522666 0.1158657874
129502 2.538753982 6.827140798 0.0606680588 -0.140780337 -0.6818933402 0.7078967246 0.1186775362
129568 2.5689512154 6.8285604926 0.0597171328 -0.148403695 -0.6845180942 0.703612959 0.119748783
129634 2.59635053 6.8288549008 0.0582203288 -0.153226497 -0.6885006564 0.6985015602 0.1207636614
129700 2.620200893 6.82667406 0.056374585 -0.155679928 -0.689816968 0.696228341 0.123216915
129766 2.6417184274 6.822909951 0.0546155282 -0.1564075026 -0.6898980382 0.6955822376 0.1254700056
129832 2.6626712784 6.8189428058 0.0534542326 -0.1566837118 -0.6918007348 0.6937703354 0.124678173
129898 2.683571215 6.8141540674 0.052858525 -0.156190408 -0.6922587216 0.6935678124 0.123879355
129964 2.7045260972 6.8080036232 0.0529286112 -0.1559348094 -0.6895757436 0.6962193874 0.1242900288
130030 2.725101116 6.800033458 0.053294404 -0.155029244 -0.685060402 0.700330522 0.12726091
130096 2.745510065 6.7901802536 0.0538565192 -0.15466025 -0.681464477 0.7031608474 0.1313433422
130162 2.7670781394 6.77806913 0.0548057756 -0.1555992434 -0.678751535 0.7054746846 0.1318736912
130228 2.7897274842 6.7634803292 0.055540734 -0.1582630434 -0.6783281594 0.7053994518 0.1312831018
130294 2.814114129 6.7476531004 0.0567005758 -0.1637169796 -0.6803691192 0.7023108218 0.1305901824
130360 2.840553334 6.732727444 0.058720916 -0.166285051 -0.68481063 0.697511608 0.129850833
130426 2.8679258512 6.7177658042 0.0626224418 -0.1644253474 -0.6894903526 0.6936336634 0.1282170882
130492 2.893747718 6.7016582664 0.0667408534 -0.1602028178 -0.6894084202 0.6942770796 0.1304999888
130558 2.9171330022 6.6865642538 0.070590374 -0.1574700966 -0.687667786 0.6956520652 0.135588863
130624 2.940642724 6.6731402496 0.0743278398 -0.1568863392 -0.687315689 0.6959923102 0.1363030496
130690 2.965466688 6.660554081 0.076179637 -0.156166195 -0.687768265 0.695483416 0.13743999
130756 2.9921940084 6.6477562698 0.076686913 -0.1568667076 -0.6876087606 0.6946561814 0.14156159
130822 3.0221390694 6.6347340846 0.0768299456 -0.1581362044 -0.686798959 0.6943851704 0.1453591834
130888 3.0555695768 6.621105062 0.076510674 -0.1594592518 -0.684347961 0.6955584482 0.1497963064
130954 3.0929739962 6.6083852786 0.0762623706 -0.1624190904 -0.6830205446 0.6953509356 0.153590161
131020 3.133005758 6.596269828 0.077500943 -0.168450089 -0.680428654 0.696010189 0.155599583
131086 3.1741515632 6.5845450742 0.0805586916 -0.1747844042 -0.6769395918 0.6977766744 0.1559190284
131152 3.215970125 6.5740383496 0.083924887 -0.1775487402 -0.6766215504 0.6975020998 0.1554043328
131218 3.2576647704 6.5645891482 0.0876726752 -0.1790437012 -0.6787426736 0.6952714466 0.1544322698
131284 3.2977041512 6.554388407 0.091355749 -0.1796662648 -0.6771682082 0.6968991182 0.1532798712
131350 3.335718889 6.543981027 0.094081007 -0.177915116 -0.673926226 0.700964079 0.151059636
131416 3.3716815604 6.5334290372 0.0955883662 -0.1761510818 -0.6725172136 0.7033913008 0.1480946774
131482 3.4043176462 6.5213339266 0.0958859578 -0.176461522 -0.6723898032 0.7033179696 0.1486508422
131548 3.4342261718 6.507882663 0.0948461814 -0.1766967956 -0.6728603466 0.7022283112 0.1513689604
131614 3.4633618654 6.4937813814 0.0925967684 -0.1774694532 -0.6747704884 0.6998716454 0.1528691844
131680 3.492553834 6.478188832 0.089861316 -0.17972684 -0.675549768 0.69858792 0.15266202
131746 3.5221421686 6.4602291994 0.0874217168 -0.182765045 -0.6746373968 0.698680513 0.1526656092
131812 3.5528656124 6.4404823766 0.086554455 -0.1853616608 -0.6726137576 0.6997610216 0.1535130246
131878 3.5844508392 6.4206985662 0.0882748982 -0.1860013646 -0.6705481388 0.7012365282 0.1550355262
131944 3.6175017982 6.4027388554 0.092761994 -0.185133658 -0.6730522608 0.6994969922 0.1530688834
132010 3.650082696 6.383736028 0.098281803 -0.184924304 -0.673203365 0.699153404 0.15422305
132076 3.681196568 6.3663509808 0.1024348294 -0.1834277066 -0.6723748168 0.6989332244 0.1604942748
132142 3.7129873542 6.351252444 0.1055376896 -0.1828005814 -0.6715854286 0.698778466 0.1651228098
132208 3.7467503256 6.3372198252 0.1077719618 -0.1852535804 -0.6691763108 0.6995957084 0.1686709516
132274 3.7836425186 6.3233202968 0.1084594818 -0.188312105 -0.6655615018 0.701272104 0.172579434
132340 3.824512476 6.310555033 0.10788663 -0.191748034 -0.663898416 0.700847696 0.176873096
132406 3.8689861568 6.2991342054 0.107002021 -0.1945218758 -0.6624700552 0.7009555262 0.1787622884
132472 3.9162225952 6.2886426 0.1070625842 -0.196479559 -0.6615010372 0.7016969814 0.1772947592
132538 3.9631625172 6.2775032528 0.1087080278 -0.1981857106 -0.6611100692 0.7024315284 0.1739131488
132604 4.0065222856 6.2654655948 0.1106580382 -0.2019436186 -0.6631985928 0.6996480786 0.1728549056
132670 4.045003106 6.25233535 0.111515584 -0.204643922 -0.665309775 0.69670535 0.1734515
132736 4.080223724 6.2388326232 0.1112576126 -0.2053415822 -0.6690351928 0.6929141498 0.1734837334
132802 4.1126762534 6.2231539212 0.1101372098 -0.2055401754 -0.67099596 0.6907091964 0.1744660834
132868 4.1429690498 6.2038761498 0.1082356942 -0.2076442632 -0.6694899274 0.6906481206 0.1779668362
132934 4.1728817934 6.1818802146 0.1053056508 -0.209732105 -0.666937607 0.6920704848 0.1795690958
133000 4.203819174 6.157255953 0.10170279 -0.212138188 -0.665014099 0.693498841 0.178361978
133066 4.2359805576 6.1292270466 0.0989408888 -0.2142030514 -0.6627040038 0.6960719534 0.174424934
133132 4.268794744 6.0982116734 0.098238632 -0.2141953466 -0.6604107802 0.6991136516 0.1709327258
133198 4.3037451398 6.0688786886 0.1009028822 -0.2109069016 -0.6652787618 0.6971053486 0.1642133208
133264 4.3384104954 6.039784513 0.1057549688 -0.2028936736 -0.669596219 0.6964522982 0.159463983
133330 4.371935022 6.012243351 0.110023279 -0.193906792 -0.672614703 0.696120994 0.159390023
133396 4.4046433632 5.9875564018 0.1135306862 -0.1874061286 -0.674589737 0.6959885446 0.1593970946
133462 4.4369236788 5.963724257 0.1165653214 -0.1843555506 -0.6731025706 0.6982667732 0.1592777358
133528 4.469970581 5.9396031896 0.1180635984 -0.183819707 -0.6696849642 0.701009224 0.1622291166
133594 4.5057654762 5.9154303602 0.1178295342 -0.1854313026 -0.6667984588 0.7022700928 0.1667680674
133660 4.545896713 5.891474652 0.116522053 -0.188414959 -0.663330131 0.703754334 0.170946712
133726 4.5909594206 5.868515821 0.1150351118 -0.1914429168 -0.659451584 0.7059069604 0.1736903656
133792 4.6393578264 5.846639593 0.1147030428 -0.1961801008 -0.6566236442 0.7066360692 0.1761365926
133858 4.6896280572 5.8262551226 0.116573652 -0.2010002454 -0.6567447096 0.7052454058 0.1758241112
133924 4.7384610686 5.8062766834 0.1191284016 -0.2055125852 -0.6597409046 0.7008154604 0.1770983878
133990 4.783298939 5.785684827 0.121501832 -0.209406265 -0.661980129 0.696754327 0.180179727
134056 4.8238017354 5.7651307284 0.1240132174 -0.2117528792 -0.6638768058 0.6940407246 0.180930144
134122 4.8593854436 5.743741469 0.1254746672 -0.2119514062 -0.6652731316 0.6922369892 0.1824724166
134188 4.8916973804 5.7205419318 0.1252391118 -0.2125832672 -0.6636137118 0.692845237 0.1854469808
134254 4.9224589828 5.6964795076 0.1238977804 -0.2154857714 -0.660988843 0.6934976668 0.1889987096
134320 4.952926807 5.672308528 0.121683028 -0.219101858 -0.65995223 0.692828199 0.190909709
134386 4.9818275504 5.645149882 0.1186667942 -0.2230489466 -0.6567887074 0.6933772836 0.1952058146
134452 5.009996004 5.6139729452 0.1160711656 -0.2287044062 -0.6526085992 0.6939024634 0.2007372566
134518 5.039395384 5.5800247104 0.115009904 -0.2344807258 -0.6504455422 0.6937202058 0.201721436
134584 5.0699377008 5.5442092684 0.1161706454 -0.2417664704 -0.6510844686 0.6906065214 0.2017428698
134650 5.10192382 5.50984219 0.119515422 -0.244479201 -0.653990874 0.687333933 0.200244656
134716 5.1341567654 5.4772353538 0.1248137888 -0.240716729 -0.6559253376 0.6876955324 0.1972105538
134782 5.1654003402 5.4478217494 0.1292094684 -0.2330149256 -0.659427924 0.6868851906 0.1976037748
134848 5.1950866166 5.4204548866 0.132061432 -0.2276500764 -0.6635471112 0.6835586532 0.2015640234
134914 5.2255112182 5.3941719558 0.133798447 -0.2277110678 -0.6660517736 0.6805273542 0.2034826262
134980 5.257153695 5.367776331 0.133816471 -0.229293657 -0.665166581 0.680151152 0.205845207
135046 5.2907924318 5.3415523858 0.132549368 -0.2300243442 -0.6624573704 0.6805465066 0.2123558884
135112 5.328436767 5.3153782058 0.1316347154 -0.231078657 -0.6574786234 0.682526344 0.220186245
135178 5.3724679156 5.2903307204 0.131899489 -0.2360233038 -0.6527042386 0.6836993682 0.2254442152
135244 5.4213006446 5.2661282076 0.1339560198 -0.2406947888 -0.6468919052 0.6871025462 0.2269068408
135310 5.472252421 5.242491849 0.138256692 -0.244762724 -0.645345264 0.687298425 0.226366018
135376 5.5220622618 5.2193384598 0.1433407022 -0.248633593 -0.6477980988 0.683667559 0.2261356086
135442 5.5678450152 5.1957575794 0.1476446422 -0.251555048 -0.648886576 0.6806766136 0.2287915542
135508 5.6087485196 5.1712015376 0.150529447 -0.2503576302 -0.6481865888 0.6809218254 0.2313452326
135574 5.6460643332 5.1459105506 0.1513942436 -0.2472492048 -0.6497683494 0.6799611566 0.2330701204
135640 5.680818765 5.117972352 0.151482289 -0.246207911 -0.649419553 0.680680364 0.233045384
135706 5.7136210998 5.0868715998 0.150385567 -0.2468368148 -0.647102591 0.6827794972 0.2326841658
135772 5.7457185376 5.0528036496 0.147307895 -0.246549933 -0.6447313592 0.6854447692 0.2317326548
135838 5.7774109482 5.0147361678 0.1424791354 -0.2468326878 -0.6425733902 0.687316281 0.2318822438
135904 5.8088952978 4.9734988142 0.138054639 -0.2481651352 -0.6414817484 0.6877386912 0.2322298766
135970 5.840004449 4.931810844 0.136563284 -0.248977759 -0.641319655 0.687463722 0.232621593
136036 5.8713559318 4.8939245704 0.1396660508 -0.2483459614 -0.6447723412 0.6847000476 0.2319023232
136102 5.902628382 4.8574229362 0.1466936752 -0.2472196088 -0.6440041014 0.6855902644 0.2326092726
136168 5.934147378 4.823458675 0.1535590392 -0.2452892088 -0.641752345 0.6866902304 0.2375784248
136234 5.96674833 4.7929613014 0.1579493614 -0.242715156 -0.6417096492 0.6857318432 0.243042723
136300 6.001796157 4.764238242 0.159830785 -0.241477542 -0.6415636 0.684958856 0.246811891
136366 6.0409407166 4.7366099792 0.1588710964 -0.2430863698 -0.6411917974 0.6834046242 0.250479647
136432 6.0849403044 4.7106320622 0.156098111 -0.2486743398 -0.6416808528 0.6797778376 0.2535913536
136498 6.13357054 4.6878752788 0.15338876 -0.2554767744 -0.6430594672 0.675496156 0.254776078
136564 6.1851658042 4.6677405942 0.1535279228 -0.2614737268 -0.643061049 0.6733145844 0.2544627872
136630 6.236657877 4.648588719 0.157309022 -0.266143526 -0.642377771 0.672308904 0.254006222
136696 6.287641165 4.6296738182 0.163093344 -0.2723581796 -0.6433379604 0.669543817 0.2522857926
136762 6.3349840434 4.609908475 0.1677591158 -0.2765560906 -0.6416530758 0.6692595858 0.2527639852
136828 6.3783831954 4.5901746198 0.1700032328 -0.2763275272 -0.6412624714 0.6698495358 0.252442307
136894 6.4185234076 4.5700119216 0.1691547302 -0.2741379362 -0.6442504244 0.6679185262 0.252338116
136960 6.45573724 4.547760517 0.166734224 -0.273782546 -0.646490234 0.665979145 0.252121546
137026 6.4907531146 4.5236186326 0.163190518 -0.274361553 -0.6471889558 0.6650330646 0.2521967812
137092 6.5253545854 4.4972473498 0.158800667 -0.2743930286 -0.646349276 0.6659935404 0.2517809994
137158 6.5602871264 4.4684531514 0.1548333974 -0.275082009 -0.6447382594 0.6672725236 0.2517732894
137224 6.5951769284 4.4377456754 0.153272863 -0.2734904656 -0.6421437496 0.6702054454 0.2523469434
137290 6.631833765 4.407537129 0.154675175 -0.271680455 -0.643734264 0.669332763 0.252565991
137356 6.6706485466 4.3787703534 0.1597737332 -0.2697651718 -0.649201443 0.6663182536 0.2485640706
137422 6.7077095078 4.3495978924 0.1669223382 -0.2686890652 -0.6490900272 0.6660291196 0.2507855824
137488 6.7445502768 4.3246093022 0.172408766 -0.2677167344 -0.648802468 0.6642024394 0.257328733
137554 6.7829111546 4.3030372814 0.1760166064 -0.2657185592 -0.6463985868 0.6659337646 0.2609491314
137620 6.823044605 4.281986438 0.176783903 -0.26570225 -0.641228155 0.669071339 0.265654496
137686 6.8666839694 4.2620039822 0.1744959822 -0.2701592376 -0.640175603 0.665815865 0.271804767
137752 6.9152870632 4.2438614734 0.1720543058 -0.2785167194 -0.6416754384 0.6600036054 0.2740001122
137818 6.9689066656 4.2271773016 0.1704085434 -0.2846805622 -0.6401554734 0.6586476616 0.2744832286
137884 7.0257451982 4.211678842 0.1703007508 -0.2880664684 -0.6378960302 0.6593682072 0.274481152
137950 7.083160981 4.197341099 0.171388799 -0.28915139 -0.639931431 0.657569363 0.272913483
138016 7.1376788476 4.1825941708 0.1730139738 -0.2922110712 -0.6432280982 0.6528244168 0.2732954492
138082 7.1865641392 4.1664356394 0.1748274242 -0.2954052368 -0.6431835846 0.6507475082 0.2749150598
138148 7.2315256712 4.149888906 0.1761477328 -0.2962557014 -0.64377977 0.6499216174 0.2745579224
138214 7.2724284498 4.1317173796 0.1768085634 -0.2970582078 -0.6431194032 0.650153117 0.2746901836
138280 7.309228872 4.11128094 0.176221866 -0.298397646 -0.639553172 0.651647505 0.278003804
138346 7.344542435 4.0894027074 0.17457614 -0.2998216536 -0.6363131496 0.653323099 0.2799668012
138412 7.3807937668 4.0658002236 0.1723894344 -0.3026732008 -0.6341997066 0.6546774874 0.2785263554
138478 7.4183201074 4.0398359034 0.171243803 -0.3060191012 -0.6307788488 0.657600966 0.2757374266
138544 7.45774784 4.0115076358 0.1726470554 -0.3025864394 -0.6268080626 0.6644878536 0.2720450534
138610 7.500421126 3.982632062 0.177104225 -0.297044093 -0.631716089 0.665516878 0.264172056
138676 7.5428530432 3.9538410486 0.1823669064 -0.2906574914 -0.6396416392 0.6628921532 0.258747787
138742 7.5839595658 3.9275358662 0.1868199286 -0.2882093808 -0.6430559988 0.6611100322 0.2575807686
138808 7.6237420672 3.9054271642 0.1893992112 -0.2884597196 -0.6415681962 0.6621122214 0.2584348998
138874 7.6626279768 3.885780612 0.189358892 -0.2905435254 -0.6364022582 0.664703304 0.2621939894
138940 7.702417365 3.867218334 0.187578124 -0.296297516 -0.630771779 0.665340556 0.267687671
139006 7.7456419882 3.8509867824 0.1852933762 -0.3034225774 -0.6295429188 0.6621917076 0.2703927082
139072 7.7925390984 3.8372366216 0.1832113856 -0.3083962068 -0.6318814682 0.6571228802 0.271674256
139138 7.8407387392 3.824035132 0.1825114878 -0.3110139772 -0.6331343704 0.6532541624 0.2750819266
139204 7.887902354 3.8105857558 0.1836535848 -0.31302083 -0.6348356412 0.6486643936 0.2797065208
139270 7.932248468 3.797633331 0.185654504 -0.316725644 -0.639720625 0.640522721 0.283148426
139336 7.9717603662 3.7844610696 0.1870800892 -0.3235960966 -0.6424931572 0.6325628938 0.2869699452
139402 8.0059017372 3.7708992156 0.1869321862 -0.3291569084 -0.6410016648 0.6292794562 0.2911696994
139468 8.0347717172 3.7574987436 0.184482667 -0.3325843666 -0.6401749816 0.6257638934 0.2966191784
139534 8.0584410528 3.7436549482 0.1810795706 -0.33730305 -0.6407406754 0.6202832288 0.3015398242
139600 8.078332894 3.728172073 0.177961795 -0.343999657 -0.640515225 0.615528847 0.304185339
139666 8.0959227018 3.7106077462 0.1748047778 -0.3483423574 -0.6382468014 0.614627557 0.3058291838
139732 8.1129600956 3.6908720326 0.1716434638 -0.3497211678 -0.6342369796 0.6180041504 0.3057927664
139798 8.129575832 3.6684818086 0.1699130688 -0.3510017226 -0.6283493582 0.6239167598 0.304470634
139864 8.146503112 3.6440683786 0.1704581194 -0.3519598104 -0.6230506544 0.6309065524 0.299814364
139930 8.165032627 3.619426439 0.172664352 -0.354456549 -0.623209503 0.633368602 0.291229607
139996 8.183246924 3.5948481496 0.175608824 -0.3545791672 -0.6275501382 0.6324507112 0.2836553932
140062 8.1982886364 3.5711388992 0.177497037 -0.3508671552 -0.6305812464 0.6310963438 0.2845641508
140128 8.2123928402 3.549968219 0.1787434138 -0.3473306314 -0.632047419 0.6294498382 0.2892581504
140194 8.2265330068 3.5304773762 0.1799174968 -0.345267939 -0.6311122164 0.6290768076 0.2945327324
140260 8.241121116 3.512694747 0.180351191 -0.346140017 -0.630122223 0.625606883 0.302901141
140326 8.2573834046 3.4965141898 0.1801675872 -0.3480262646 -0.6283264704 0.620505131 0.3147313706
140392 8.2768908938 3.481227833 0.1807806502 -0.3493657728 -0.623956029 0.617764126 0.327092138
140458 8.3002433048 3.465833302 0.1827806734 -0.3497325846 -0.6174616998 0.6183826854 0.337684034
140524 8.3275219838 3.45028149 0.185881558 -0.3519179612 -0.6109869954 0.6193241794 0.3453776868
140590 8.356861414 3.435029921 0.190107452 -0.355250068 -0.605818196 0.620243283 0.349399446
140656 8.386200754 3.4210790044 0.1948049192 -0.358303407 -0.6047710024 0.6196358916 0.3491733584
140722 8.4125105744 3.4088031448 0.1991128128 -0.36066161 -0.6048939094 0.618729827 0.3481377964
140788 8.4346830782 3.3986237868 0.2029102378 -0.364255487 -0.6040012488 0.6175043044 0.3481218062
140854 8.4526438316 3.3908606996 0.2064816902 -0.3678472864 -0.601779991 0.6172515414 0.3486397686
140920 8.467151601 3.385986854 0.209438328 -0.368259003 -0.59976991 0.618753437 0.349006513
140986 8.4796375104 3.3844616192 0.2118202504 -0.367360337 -0.6005164976 0.6190600772 0.3481248566
141052 8.4902122396 3.3860461048 0.2135923122 -0.3636990762 -0.601955348 0.6194850936 0.3487273832
141118 8.4993686826 3.3904623758 0.2154117524 -0.3558318714 -0.6022250072 0.6232168248 0.349727158
141184 8.5070402742 3.3969671836 0.2183097094 -0.3459531236 -0.600459951 0.6295518334 0.3513230096
141250 8.513580721 3.404933215 0.222595902 -0.336624267 -0.598295168 0.636077575 0.35232416
141316 8.5195538038 3.4137734604 0.2277663194 -0.3304171664 -0.596244651 0.6411938416 0.3524016962
141382 8.5255374278 3.4229399016 0.2327955602 -0.3252335146 -0.5932481822 0.6468568336 0.3519313476
141448 8.5308721204 3.432628683 0.2360375624 -0.3199751918 -0.5895893148 0.652488353 0.352503962
141514 8.535658467 3.4425582098 0.2374475616 -0.3166137606 -0.5876132046 0.6564783752 0.3514292756
141580 8.539986065 3.452188066 0.237495838 -0.316514363 -0.589097805 0.656910324 0.348211515
141646 8.5434352064 3.460882701 0.236483909 -0.3176335122 -0.5927716892 0.6554415036 0.3436960002
141712 8.5449904792 3.4678475346 0.2347434526 -0.318639879 -0.5952303052 0.654064206 0.3411297488
141778 8.5451353196 3.4731577154 0.2326959082 -0.3190079768 -0.597210756 0.652421697 0.340468962
141844 8.5446739676 3.4770827714 0.2310113994 -0.3186622718 -0.5993198182 0.6510393144 0.33973209
141910 8.543710802 3.479814276 0.229612304 -0.317956715 -0.601036235 0.650083932 0.339189994
141976 8.5423041944 3.4814252424 0.2287655722 -0.3169716344 -0.601716221 0.6500282052 0.3390131256
142042 8.5399832314 3.4820825902 0.228104996 -0.3160514254 -0.6014456136 0.6501020134 0.3402088046
142108 8.5377122974 3.4822743712 0.2274697778 -0.3163308654 -0.602375677 0.6486607684 0.3410535464
142174 8.5353988318 3.4821049084 0.2272963692 -0.3172622524 -0.6024707236 0.6479257582 0.3414174712
142240 8.533568598 3.481888221 0.227654499 -0.318686673 -0.602085024 0.647999652 0.340630122
142306 8.531867121 3.4815936386 0.2278757084 -0.3198713372 -0.6015077742 0.6482379564 0.3400856716
142372 8.53021357 3.4812495638 0.2276605694 -0.3213063734 -0.6020376376 0.6469740472 0.3402020838
142438 8.5286526866 3.4806284422 0.2272000004 -0.3226985396 -0.6034715052 0.644617195 0.3408172876
142504 8.52710614 3.4796196878 0.2267016178 -0.3234881034 -0.6043865622 0.6426371486 0.3421838652
142570 8.526003728 3.478268858 0.226911814 -0.324780145 -0.6041951 0.642100929 0.342304742
142636 8.5251162542 3.4767251994 0.2274386002 -0.3268089706 -0.6033559478 0.6417986098 0.3424208188
142702 8.5245638126 3.4751553012 0.2278915856 -0.3282721262 -0.6023933744 0.6420177042 0.3423052504
142768 8.5240099038 3.4738193656 0.227789579 -0.329391407 -0.6014299072 0.6417341652 0.3434539628
142834 8.5239613478 3.4729208246 0.227351158 -0.3300348986 -0.6012640854 0.641449134 0.3436589382
142900 8.52386892 3.472156987 0.226737054 -0.330570273 -0.601386631 0.641145047 0.343497371
142966 8.5236616624 3.4713406434 0.2261384588 -0.3316925554 -0.6017290784 0.6405282552 0.342966018
143032 8.5237370876 3.470572428 0.2255853492 -0.332793892 -0.602225419 0.63975967 0.3424621628
143098 8.5237278646 3.4700170912 0.2251137118 -0.333391239 -0.6021746622 0.6393336848 0.342765804
143164 8.524052679 3.469643364 0.224965572 -0.3330954858 -0.6018411106 0.6398989026 0.3425843828
143230 8.524265458 3.469251517 0.224790553 -0.332807042 -0.601435351 0.640032039 0.343327803
143296 8.5246903608 3.4689021688 0.2250464334 -0.332894597 -0.6011849692 0.6403842028 0.3430246224
143362 8.5250819316 3.4687571404 0.2253657554 -0.3324130356 -0.6008143788 0.6412485762 0.3425257868
143428 8.5253678384 3.468860691 0.2255101318 -0.3316671638 -0.6006832958 0.6418450622 0.3423614804
143494 8.5254793692 3.469042476 0.2254585314 -0.3312117932 -0.600640065 0.6420832278 0.3424315824
143560 8.525529117 3.469265753 0.22543738 -0.33109006 -0.600880341 0.642057793 0.342175362
143626 8.5252695502 3.4693964542 0.2254796476 -0.3309784916 -0.6006847094 0.6422496878 0.3422666358
143692 8.5252527036 3.4696401178 0.2256744172 -0.331230148 -0.600844619 0.6424506418 0.3413641798
143758 8.5249368272 3.4697836702 0.225735096 -0.3312714024 -0.600464537 0.6428769082 0.3411903834
143824 8.5246084588 3.4701440586 0.2255022396 -0.3317162284 -0.6005225654 0.6424121402 0.341531306
143890 8.524309198 3.470715393 0.225303486 -0.33231746 -0.60097855 0.641981837 0.340953384
143956 8.5240324596 3.4714285932 0.2251991526 -0.3332232124 -0.6018501842 0.6412066222 0.339989277
144022 8.5235687448 3.471893077 0.2252900112 -0.333893223 -0.6020129226 0.64081556 0.3397810624
