109042 6.063749 -1.2214162 0.1179156 -0.525839 -0.4362892 0.4425178 0.580795
109108 6.0634558 -1.2217434 0.1170744 -0.5265206 -0.4369672 0.4414326 0.5804942
109174 6.0631968 -1.2218864 0.1165488 -0.526637 -0.4378662 0.440593 0.5803482
109240 6.06309 -1.221991 0.116407 -0.526238 -0.438412 0.44033 0.580499
109306 6.0628218 -1.2221328 0.1164148 -0.5258386 -0.4380628 0.4403534 0.5811058
109372 6.0624028 -1.2222174 0.1162586 -0.5260234 -0.437556 0.4401186 0.5814976
109438 6.0619596 -1.2221986 0.1158972 -0.5266434 -0.4375404 0.4398582 0.5811452
109504 6.061371 -1.221936 0.1153452 -0.5276468 -0.4375688 0.4392264 0.580691
109570 6.060539 -1.221572 0.114931 -0.528697 -0.437133 0.438855 0.580345
109636 6.0598706 -1.2212824 0.1145928 -0.5291716 -0.436743 0.4389838 0.5801094
109702 6.059134 -1.2212064 0.1142938 -0.5289712 -0.4364574 0.439116 0.5804056
109768 6.058389 -1.22128 0.1141628 -0.5288686 -0.4365654 0.4389878 0.5805154
109834 6.0577394 -1.2213764 0.1143636 -0.5285614 -0.4368298 0.4390946 0.5805158
109900 6.05706 -1.221419 0.114737 -0.527688 -0.436883 0.439523 0.580946
109966 6.0566438 -1.2215378 0.1149584 -0.5272526 -0.437192 0.4395536 0.581085
110032 6.0566792 -1.221875 0.1151884 -0.5270032 -0.4378702 0.4400148 0.5804516
110098 6.0570072 -1.2223124 0.1154488 -0.5268824 -0.4381558 0.440761 0.579779
110164 6.0574514 -1.2227314 0.115744 -0.527112 -0.4379684 0.441378 0.5792422
110230 6.058141 -1.222962 0.116163 -0.527342 -0.437639 0.442035 0.578782
110296 6.059084 -1.2229838 0.1166642 -0.52713 -0.4372284 0.442555 0.578887
110362 6.0602984 -1.2228758 0.117275 -0.5264502 -0.4369148 0.4430076 0.579397
110428 6.0615912 -1.2227306 0.1179318 -0.525622 -0.4366206 0.443188 0.580231
110494 6.0628138 -1.2226252 0.118577 -0.5249126 -0.4364002 0.4434082 0.5808712
110560 6.063774 -1.222469 0.119008 -0.524441 -0.436165 0.443465 0.58143
110626 6.0644738 -1.2223466 0.1191094 -0.524354 -0.435968 0.4434196 0.581691
110692 6.0650874 -1.2221236 0.118873 -0.5248576 -0.4359114 0.4430936 0.5815268
110758 6.0654952 -1.221657 0.1184326 -0.525597 -0.4360198 0.442452 0.5812666
110824 6.0657262 -1.22115 0.1180746 -0.5260498 -0.4361596 0.4420012 0.5810948
110890 6.065571 -1.220509 0.117985 -0.526139 -0.435976 0.442159 0.581032
110956 6.065119 -1.219669 0.1180812 -0.5257408 -0.4361814 0.4427842 0.5807618
111022 6.063876 -1.2180804 0.1183826 -0.5249218 -0.4361556 0.4434732 0.5809958
111088 6.061888 -1.2152212 0.1188348 -0.5241944 -0.4362976 0.4446122 0.5806754
111154 6.0594372 -1.2102286 0.119216 -0.5236364 -0.4367302 0.4461734 0.5796564
111220 6.056569 -1.20181 0.119138 -0.521865 -0.436449 0.448139 0.579949
111286 6.054314 -1.1899516 0.1190614 -0.5196964 -0.4367302 0.4504386 0.5799026
111352 6.0534004 -1.1756306 0.120061 -0.5188996 -0.4380534 0.4534616 0.5772566
111418 6.0530582 -1.1599832 0.1220386 -0.519037 -0.4403086 0.4566444 0.5728916
111484 6.0517798 -1.1438852 0.1233536 -0.518312 -0.445149 0.4570124 0.5695032
111550 6.049363 -1.128299 0.123514 -0.516973 -0.451852 0.45446 0.567481
111616 6.0448002 -1.113997 0.1243886 -0.5177014 -0.4554052 0.4515202 0.5663234
111682 6.0370954 -1.1010052 0.1265828 -0.519589 -0.4542646 0.4520706 0.565069
111748 6.0269516 -1.0884834 0.1282782 -0.5201016 -0.4525942 0.4546434 0.563873
111814 6.0150376 -1.0756174 0.1284778 -0.5206586 -0.4517456 0.4551058 0.5636656
111880 6.000998 -1.061838 0.127236 -0.521715 -0.45024 0.453712 0.565016
111946 5.9843328 -1.0467296 0.125165 -0.5221784 -0.448753 0.452986 0.566351
112012 5.9644888 -1.030353 0.1227896 -0.5226258 -0.4487282 0.4520422 0.5667124
112078 5.941952 -1.0134632 0.1198692 -0.5228574 -0.4500548 0.4495246 0.5674486
112144 5.9174224 -0.9970074 0.1177024 -0.5213502 -0.4498854 0.4479296 0.5702242
112210 5.892167 -0.981512 0.118199 -0.519348 -0.448708 0.449696 0.571588
112276 5.8681786 -0.965765 0.1203902 -0.5195496 -0.449648 0.450241 0.5702358
112342 5.8444514 -0.9485088 0.1233346 -0.5198514 -0.4482804 0.4491604 0.5718868
112408 5.8224638 -0.9317586 0.1267494 -0.5203004 -0.4446244 0.450699 0.57312
112474 5.8038876 -0.9159454 0.1293254 -0.523229 -0.4443878 0.4514968 0.5700016
112540 5.78644 -0.899043 0.130259 -0.525611 -0.445949 0.450067 0.567717
112606 5.769562 -0.8803336 0.1297016 -0.5252134 -0.4467382 0.449973 0.5675386
112672 5.7544502 -0.8598368 0.128109 -0.5244128 -0.4474946 0.4519288 0.5661274
112738 5.7401634 -0.8365634 0.1265134 -0.5230608 -0.447828 0.4561256 0.5637432
112804 5.725463 -0.8095158 0.125322 -0.5202048 -0.4478292 0.4611902 0.5622628
112870 5.710874 -0.779291 0.12447 -0.517077 -0.448839 0.465517 0.560775
112936 5.6971454 -0.7464028 0.123695 -0.5129996 -0.451418 0.468839 0.5596808
113002 5.6844562 -0.711702 0.1238142 -0.507747 -0.4561606 0.471547 0.5583486
113068 5.672346 -0.6768312 0.1258684 -0.5044336 -0.4619014 0.4730622 0.5553426
113134 5.6607818 -0.6428886 0.1286636 -0.5006492 -0.4686998 0.474101 0.5521762
113200 5.649587 -0.610574 0.130633 -0.495577 -0.475022 0.474929 0.550636
113266 5.6380156 -0.5812986 0.1314378 -0.4911388 -0.4787364 0.476948 0.54965
113332 5.6262226 -0.555616 0.131469 -0.4919244 -0.48006 0.4783126 0.546599
113398 5.6143426 -0.5325882 0.1309234 -0.4959432 -0.4805836 0.4783208 0.542484
113464 5.6016484 -0.5105696 0.129769 -0.4968236 -0.4809454 0.4784722 0.5412232
113530 5.587768 -0.489735 0.128866 -0.497899 -0.480342 0.47787 0.541303
113596 5.573068 -0.4701188 0.1278648 -0.4993622 -0.4791664 0.476953 0.5418048
113662 5.5581092 -0.4512472 0.1260482 -0.5009252 -0.4771368 0.4744214 0.5443698
113728 5.543477 -0.4331488 0.1249608 -0.5024172 -0.4739862 0.4715696 0.5482118
113794 5.531188 -0.4148604 0.125084 -0.5034704 -0.471773 0.468901 0.551434
113860 5.521904 -0.396543 0.125754 -0.50518 -0.468354 0.46662 0.55471
113926 5.5159592 -0.3789614 0.1267136 -0.5070864 -0.4645028 0.4667998 0.5560568
113992 5.5121714 -0.360763 0.127537 -0.5097516 -0.4615796 0.4665814 0.5562362
114058 5.5109948 -0.3408406 0.1278254 -0.5117754 -0.4601336 0.4663192 0.5557956
114124 5.5133858 -0.3186274 0.1270506 -0.5113304 -0.4599248 0.4672618 0.5555862
114190 5.519223 -0.293936 0.125251 -0.509615 -0.460192 0.469365 0.555169
114256 5.5290254 -0.2672722 0.1229946 -0.508097 -0.4621186 0.4720832 0.5526488
114322 5.541402 -0.2391178 0.1211072 -0.505241 -0.4655894 0.4754904 0.549424
114388 5.5549728 -0.2101948 0.1202656 -0.5017164 -0.4715252 0.4774298 0.5458988
114454 5.5687328 -0.182243 0.1207692 -0.4990298 -0.479331 0.4783752 0.5407106
114520 5.581459 -0.156566 0.121173 -0.497667 -0.48739 0.478357 0.534746
114586 5.5915606 -0.1334232 0.1201614 -0.4970916 -0.4952562 0.4768294 0.5293912
114652 5.5977924 -0.1134836 0.1183846 -0.4975544 -0.5011428 0.4766496 0.5235454
114718 5.6002104 -0.0972922 0.1164826 -0.5001692 -0.5047374 0.4773892 0.5168846
114784 5.598406 -0.0837644 0.1142522 -0.5009602 -0.507385 0.4774144 0.5134928
114850 5.5932 -0.072165 0.11204 -0.499795 -0.507633 0.477116 0.514658
114916 5.5854176 -0.0616306 0.1107266 -0.498689 -0.5032814 0.4780258 0.5191422
114982 5.5775892 -0.051113 0.1120612 -0.5013512 -0.4985628 0.4784236 0.5207622
115048 5.5697796 -0.0396434 0.114616 -0.5035926 -0.4932102 0.4782454 0.5238506
115114 5.5633712 -0.0282318 0.1173134 -0.5036644 -0.4913166 0.4778528 0.5259156
115180 5.556499 -0.01748 0.120894 -0.505891 -0.490954 0.477023 0.524869
115246 5.547446 -0.0054302 0.123908 -0.5069306 -0.487417 0.4775448 0.526685
115312 5.5384488 0.0087262 0.1246922 -0.504861 -0.4832268 0.4800588 0.530237
115378 5.5312604 0.0238752 0.1231052 -0.5044608 -0.4824568 0.482573 0.529035
115444 5.525072 0.0403374 0.119569 -0.507345 -0.4840102 0.4827718 0.5246582
115510 5.520819 0.059448 0.115277 -0.508101 -0.487652 0.484584 0.518851
115576 5.5182384 0.083043 0.110793 -0.5021438 -0.4911108 0.489916 0.5163754
115642 5.5177056 0.110802 0.1073676 -0.496405 -0.4943602 0.4956538 0.5133402
115708 5.5183886 0.1422824 0.106058 -0.4932746 -0.4976892 0.5007334 0.5081842
115774 5.51963 0.1765602 0.1064668 -0.4906922 -0.501619 0.5044326 0.5031364
115840 5.521642 0.211965 0.107342 -0.485894 -0.505909 0.5084 0.499492
115906 5.5241494 0.247064 0.107756 -0.481395 -0.5110546 0.5113092 0.4956252
115972 5.5273542 0.2805608 0.1076242 -0.4788922 -0.5195898 0.5117108 0.4887124
116038 5.5310352 0.3130158 0.1065646 -0.4773322 -0.5301188 0.5092944 0.4814
116104 5.5341832 0.344856 0.1048194 -0.475969 -0.5380974 0.5060124 0.4773422
116170 5.534904 0.375482 0.104074 -0.476928 -0.540554 0.502751 0.477057
116236 5.5323914 0.4046818 0.104917 -0.4783602 -0.5375594 0.502148 0.4796334
116302 5.5278954 0.4324176 0.1064174 -0.4812072 -0.532858 0.5026678 0.4814834
116368 5.521682 0.458123 0.1069518 -0.4860696 -0.5283232 0.5020448 0.4822462
116434 5.5133328 0.4818962 0.1054136 -0.4921634 -0.5230552 0.5000198 0.4839094
116500 5.502614 0.504353 0.101851 -0.499149 -0.515345 0.498909 0.486169
116566 5.4883826 0.5268754 0.096933 -0.5048162 -0.5077956 0.4962648 0.490943
116632 5.4708916 0.5497968 0.0915204 -0.5083166 -0.5012826 0.493291 0.496985
116698 5.4509212 0.5720922 0.0863946 -0.5103136 -0.4951786 0.4910416 0.503246
116764 5.4290378 0.592777 0.0821086 -0.5101802 -0.4888046 0.4897272 0.510835
116830 5.407197 0.611881 0.079272 -0.509454 -0.484419 0.489195 0.51622
116896 5.3883804 0.6290018 0.0782758 -0.5119382 -0.483288 0.4871668 0.5167402
116962 5.371207 0.6450542 0.0795174 -0.5142564 -0.4812158 0.4862804 0.5172066
117028 5.3578622 0.6602948 0.0834874 -0.516504 -0.480651 0.4878662 0.5139892
117094 5.3457162 0.6753374 0.0889584 -0.5171784 -0.4820468 0.4909752 0.5090186
117160 5.332167 0.691615 0.092688 -0.515515 -0.483981 0.4934 0.50652
117226 5.3184874 0.7098478 0.0932596 -0.5128396 -0.4871428 0.4957532 0.5039014
117292 5.3050808 0.7309146 0.0902908 -0.5085782 -0.48905 0.4993734 0.5027958
117358 5.2938418 0.7552206 0.0851294 -0.5042398 -0.4915154 0.505181 0.4989454
117424 5.2844784 0.7831456 0.0794522 -0.5004984 -0.4947092 0.5128006 0.4917306
117490 5.276094 0.815279 0.073035 -0.493929 -0.497869 0.521487 0.486017
117556 5.2716308 0.8511266 0.0670578 -0.4864428 -0.504253 0.5284122 0.4794592
117622 5.2708256 0.8900718 0.0633638 -0.4741424 -0.5119664 0.5376172 0.4733344
117688 5.272122 0.9309758 0.0639266 -0.4630778 -0.5242956 0.544191 0.4631714
117754 5.2749682 0.9705566 0.068075 -0.4575794 -0.543283 0.5432404 0.4476056
117820 5.276614 1.006675 0.071751 -0.447601 -0.560034 0.543397 0.436732
117886 5.2769676 1.0369216 0.0739212 -0.4353602 -0.5679106 0.549308 0.4315072
117952 5.278094 1.0621712 0.0752486 -0.4292712 -0.5698 0.5573566 0.4247438
118018 5.279925 1.0854772 0.0747568 -0.4271346 -0.5710744 0.5639814 0.4163588
118084 5.282249 1.1076456 0.0727328 -0.4287388 -0.5741534 0.5659412 0.4077264
118150 5.284021 1.127192 0.070876 -0.431288 -0.575919 0.566458 0.401788
118216 5.2839216 1.142232 0.0705224 -0.4334636 -0.572896 0.5691826 0.3999138
118282 5.2827408 1.1528496 0.0706276 -0.4335778 -0.567581 0.5744004 0.3999078
118348 5.2826288 1.1607584 0.06938 -0.4308206 -0.566422 0.57805 0.399272
118414 5.2846306 1.167394 0.0673398 -0.4283826 -0.5712698 0.5763898 0.3973836
118480 5.285862 1.172066 0.064981 -0.425285 -0.575454 0.574473 0.397449
118546 5.2862976 1.1748992 0.0630558 -0.4200074 -0.577617 0.5758796 0.3978882
118612 5.287162 1.1764336 0.0617562 -0.416038 -0.5805094 0.5767548 0.3965786
118678 5.289077 1.1774706 0.0612734 -0.4138372 -0.5840012 0.5765514 0.3940426
118744 5.2922104 1.1789212 0.060976 -0.4109046 -0.586921 0.5759958 0.3935854
118810 5.296571 1.180941 0.060372 -0.404541 -0.587596 0.578439 0.395584
118876 5.3034368 1.183909 0.0594452 -0.3977308 -0.587638 0.5814706 0.3979746
118942 5.3133266 1.1881258 0.0595744 -0.393055 -0.5881744 0.5845396 0.3973316
119008 5.3251494 1.1946504 0.0613948 -0.3902976 -0.5853026 0.5896366 0.3967588
119074 5.3384392 1.2045142 0.0632952 -0.3865586 -0.57873 0.597531 0.3982466
119140 5.354517 1.218859 0.064776 -0.380572 -0.574087 0.605498 0.3987
119206 5.3729568 1.2367072 0.0665174 -0.3750198 -0.5737334 0.6104178 0.3969638
119272 5.3924672 1.2565282 0.0691658 -0.3713032 -0.5771352 0.6122236 0.3927228
119338 5.411732 1.2779 0.0720558 -0.3700328 -0.5839476 0.6105202 0.3864526
119404 5.4298046 1.3007 0.0756888 -0.3705654 -0.593058 0.6061112 0.3789356
119470 5.442118 1.323532 0.080795 -0.37027 -0.596195 0.604693 0.376561
119536 5.4493066 1.3459792 0.0874602 -0.3695862 -0.5941746 0.6074326 0.3760166
119602 5.4533988 1.3687284 0.0934356 -0.3686276 -0.5919332 0.6110956 0.3745548
119668 5.4548824 1.3919676 0.097632 -0.3679028 -0.5908732 0.6146778 0.3710624
119734 5.4523162 1.4162234 0.0998498 -0.3675828 -0.5901278 0.6175956 0.3677052
119800 5.445525 1.442383 0.100923 -0.366094 -0.589208 0.621838 0.363493
119866 5.4350592 1.471378 0.1010114 -0.3627074 -0.5889738 0.6265036 0.3592292
119932 5.4223546 1.5032872 0.1001856 -0.3561324 -0.5900772 0.6319336 0.3544542
119998 5.4092626 1.5379428 0.0987076 -0.3468102 -0.5948024 0.6364026 0.3477396
120064 5.3966268 1.574105 0.0967924 -0.3350102 -0.6016522 0.6392854 0.3421926
120130 5.38498 1.609867 0.095875 -0.323587 -0.608053 0.641198 0.338273
120196 5.3741358 1.6442162 0.0963826 -0.3154952 -0.6124344 0.6408808 0.3386114
120262 5.3661412 1.6763268 0.0980736 -0.311978 -0.6169502 0.639412 0.3364432
120328 5.3606064 1.7053402 0.100253 -0.311448 -0.6185542 0.6397298 0.333371
120394 5.3571336 1.7312552 0.1021694 -0.3136614 -0.6164604 0.6411934 0.332361
120460 5.355762 1.755062 0.10316 -0.315463 -0.612329 0.643725 0.333399
120526 5.35708 1.7786232 0.1028738 -0.3164724 -0.6099858 0.644966 0.3343378
120592 5.3600366 1.8030296 0.1014084 -0.31787 -0.6092234 0.6438382 0.3365676
120658 5.3640828 1.8290678 0.099505 -0.320343 -0.6083004 0.6415198 0.3403002
120724 5.3694166 1.8569344 0.0981664 -0.323735 -0.6067612 0.6395264 0.3435724
120790 5.376553 1.885755 0.097607 -0.327537 -0.606667 0.636085 0.346511
120856 5.3836234 1.9132128 0.0978202 -0.330485 -0.6085534 0.6307288 0.3501762
120922 5.3904218 1.9393182 0.098812 -0.3343546 -0.6139406 0.6224956 0.3518278
120988 5.395527 1.964068 0.1008464 -0.3382808 -0.6173032 0.6166068 0.3525608
121054 5.3981512 1.987895 0.104375 -0.341656 -0.6154022 0.6158456 0.3539566
121120 5.398592 2.01161 0.108191 -0.342795 -0.611025 0.618731 0.355405
121186 5.39727 2.0358956 0.1114738 -0.3424406 -0.6076308 0.6221734 0.355555
121252 5.3937186 2.0613454 0.1139266 -0.3421392 -0.6061148 0.624529 0.3543006
121318 5.3874612 2.0885062 0.1152764 -0.3429216 -0.6059118 0.625416 0.3523222
121384 5.3783892 2.1182856 0.115366 -0.3429776 -0.6062164 0.6265672 0.3496886
121450 5.366848 2.151032 0.11437 -0.341807 -0.606517 0.628287 0.347219
121516 5.3532198 2.1863772 0.112955 -0.3388848 -0.6065492 0.6313366 0.3444836
121582 5.3377332 2.2234428 0.1114146 -0.3327984 -0.6067558 0.6354946 0.342401
121648 5.3213332 2.261024 0.1101742 -0.3221858 -0.608204 0.641166 0.3393952
121714 5.3050222 2.2978264 0.109516 -0.3098784 -0.6130556 0.645108 0.3346236
121780 5.288851 2.3322 0.109202 -0.3017 -0.619762 0.644569 0.330762
121846 5.273456 2.3635962 0.1094496 -0.2960286 -0.6252542 0.6440692 0.3264942
121912 5.2587972 2.3909556 0.1100208 -0.2942412 -0.628154 0.6439122 0.3228334
121978 5.243474 2.4136592 0.1104626 -0.2968452 -0.6286234 0.6430454 0.321261
122044 5.2270828 2.433466 0.1104074 -0.3011694 -0.6291186 0.6410254 0.3203026
122110 5.209269 2.451856 0.109509 -0.303418 -0.629874 0.640053 0.318635
122176 5.1903162 2.469771 0.1076544 -0.304318 -0.631772 0.6390816 0.3159576
122242 5.1698682 2.4874006 0.1056658 -0.3054362 -0.6329536 0.6385814 0.3135158
122308 5.147219 2.5052102 0.103627 -0.3041888 -0.6318262 0.640826 0.3124214
122374 5.1220794 2.5233592 0.1010274 -0.2995108 -0.630479 0.6440878 0.3129544
122440 5.095077 2.541842 0.097724 -0.294261 -0.629978 0.646607 0.313747
122506 5.0672888 2.5606116 0.0952998 -0.2912746 -0.6290848 0.6492616 0.3128434
122572 5.0399988 2.5801466 0.0951644 -0.288645 -0.6293458 0.6515272 0.3100326
122638 5.0149902 2.6011494 0.0978896 -0.2868074 -0.633671 0.650471 0.3051064
122704 4.9900932 2.622174 0.1017694 -0.287189 -0.6340786 0.6505886 0.3036468
122770 4.965363 2.642749 0.105091 -0.287114 -0.62897 0.654533 0.305859
122836 4.9440856 2.664791 0.1076312 -0.2867698 -0.6298268 0.6550354 0.3033312
122902 4.9239134 2.6890616 0.1084366 -0.2846596 -0.633029 0.6543422 0.3001314
122968 4.9031326 2.7158606 0.1082298 -0.2812528 -0.6321066 0.657604 0.2981518
123034 4.8826468 2.7473402 0.1073214 -0.2787256 -0.6311994 0.6614026 0.2940162
123100 4.861788 2.784372 0.105458 -0.275701 -0.631736 0.664042 0.289736
123166 4.8414948 2.8263678 0.1035826 -0.2723138 -0.6344974 0.6647392 0.2852706
123232 4.821854 2.8712328 0.103142 -0.2689156 -0.6383028 0.6646384 0.2801958
123298 4.8020102 2.9159856 0.1040906 -0.2641718 -0.6418802 0.665082 0.275442
123364 4.7832568 2.9590896 0.1057048 -0.2615248 -0.6490876 0.661261 0.270228
123430 4.764479 2.998699 0.106467 -0.25854 -0.656625 0.656163 0.267303
123496 4.745236 3.0338484 0.1064738 -0.2545172 -0.661406 0.6535932 0.265668
123562 4.7263298 3.064754 0.1061708 -0.252304 -0.6639586 0.653289 0.2621354
123628 4.7070748 3.0922576 0.104904 -0.251812 -0.665028 0.6539074 0.2583292
123694 4.6858836 3.1172004 0.102087 -0.2514644 -0.6651822 0.6545902 0.256534
123760 4.662096 3.140231 0.097789 -0.251873 -0.66411 0.654816 0.258329
123826 4.6360306 3.16224 0.092481 -0.2533464 -0.6620576 0.6544436 0.2630556
123892 4.6082184 3.183703 0.0870642 -0.2545014 -0.6594508 0.6533688 0.2710404
123958 4.5796872 3.2051812 0.083284 -0.2558858 -0.6567714 0.651479 0.2806212
124024 4.552962 3.2287882 0.0822662 -0.2564618 -0.6575614 0.6488714 0.2842644
124090 4.527211 3.254143 0.083042 -0.257152 -0.659978 0.645002 0.286835
124156 4.5034142 3.2792772 0.0854792 -0.25767 -0.6598666 0.64599 0.2843926
124222 4.4832624 3.3039242 0.089085 -0.2600342 -0.6590678 0.6489918 0.277167
124288 4.4642064 3.3297876 0.0919998 -0.259672 -0.6586672 0.6533288 0.2681204
124354 4.4446806 3.3586974 0.0928618 -0.2554054 -0.6578528 0.6596418 0.2585926
124420 4.424954 3.391903 0.091685 -0.249056 -0.658053 0.665602 0.248819
124486 4.4053208 3.4305158 0.088999 -0.240383 -0.660818 0.6695356 0.2392834
124552 4.385841 3.4745048 0.085376 -0.230108 -0.665124 0.6716236 0.2314762
124618 4.3653094 3.5210482 0.0833192 -0.2203438 -0.6678038 0.6744324 0.2250036
124684 4.3440974 3.5668906 0.0845516 -0.2151838 -0.6718508 0.6743946 0.2179524
124750 4.323189 3.611138 0.087413 -0.213039 -0.679996 0.669857 0.208591
124816 4.2998418 3.6499932 0.0892568 -0.2103726 -0.6855318 0.666952 0.2023968
124882 4.274723 3.6827946 0.089984 -0.2109624 -0.6893062 0.6640968 0.1983098
124948 4.2475802 3.7109128 0.0891246 -0.2156544 -0.6921724 0.659835 0.1975044
125014 4.2179082 3.7355772 0.0866398 -0.2184518 -0.6929182 0.658033 0.1978262
125080 4.186544 3.757056 0.083177 -0.219706 -0.693189 0.657239 0.198128
125146 4.1537654 3.7758806 0.078065 -0.2186494 -0.6928256 0.6571856 0.2007296
125212 4.1201174 3.793788 0.071044 -0.21407 -0.6927442 0.6574148 0.2051452
125278 4.0861634 3.8113506 0.0644798 -0.2086788 -0.693789 0.657176 0.2079174
125344 4.052236 3.8282624 0.0610786 -0.2053766 -0.6955902 0.656184 0.2083194
125410 4.018873 3.845025 0.06086 -0.202691 -0.697727 0.654341 0.209599
125476 3.9857918 3.8605778 0.0634948 -0.200272 -0.6972068 0.654947 0.2117504
125542 3.9557598 3.875862 0.0685978 -0.1994812 -0.6954826 0.6581202 0.2083004
125608 3.9285908 3.8909368 0.0740852 -0.2027658 -0.6947212 0.659688 0.2026316
125674 3.9016016 3.9057998 0.0773356 -0.2056264 -0.692943 0.6617686 0.1990214
125740 3.874604 3.921997 0.078197 -0.205425 -0.69097 0.665217 0.194545
125806 3.846733 3.9404406 0.0770128 -0.2031318 -0.6916246 0.6668936 0.1887998
125872 3.816701 3.961845 0.0743958 -0.1987694 -0.693068 0.668386 0.1827754
125938 3.782853 3.9862986 0.071095 -0.1926594 -0.6914718 0.6732062 0.1776038
126004 3.7463386 4.0151734 0.0686662 -0.1860284 -0.689568 0.678238 0.1728646
126070 3.707455 4.047599 0.068607 -0.178757 -0.688383 0.682388 0.168884
126136 3.6681864 4.0820092 0.072361 -0.1728946 -0.6894248 0.684889 0.160398
126202 3.629583 4.1166662 0.0781026 -0.169763 -0.6925432 0.684382 0.152267
126268 3.5915024 4.1496382 0.0825964 -0.163376 -0.695831 0.6835754 0.1478272
126334 3.554248 4.177834 0.085247 -0.1555834 -0.698025 0.6837578 0.1450172
126400 3.519329 4.201438 0.086861 -0.150805 -0.702321 0.681106 0.141766
126466 3.486006 4.2210132 0.08662 -0.1469724 -0.7056348 0.6790422 0.1392126
126532 3.453791 4.2374412 0.083833 -0.1432516 -0.7071546 0.6786644 0.1372084
126598 3.421824 4.251445 0.0798964 -0.1407596 -0.7080006 0.678774 0.1348626
126664 3.3888222 4.2632954 0.0758756 -0.139445 -0.7083656 0.6789664 0.1333304
126730 3.353598 4.273542 0.071526 -0.138287 -0.707912 0.679336 0.135051
126796 3.3165086 4.2827252 0.0671672 -0.136233 -0.7055338 0.6815232 0.1385242
126862 3.2785034 4.2909502 0.063619 -0.135366 -0.7036072 0.6828254 0.1426964
126928 3.241 4.2998496 0.0617812 -0.1354382 -0.70657 0.6793784 0.144432
126994 3.2034862 4.3089828 0.0619644 -0.1372078 -0.7104374 0.6745508 0.146403
127060 3.166938 4.317328 0.064166 -0.138985 -0.709976 0.674738 0.146102
127126 3.133054 4.3263126 0.0679046 -0.1425734 -0.7090886 0.6758382 0.1418046
127192 3.0989384 4.3347248 0.071172 -0.1471958 -0.707555 0.677443 0.1370016
127258 3.0633318 4.3444566 0.0721108 -0.1484634 -0.705992 0.6800848 0.1304564
127324 3.025684 4.356875 0.0704104 -0.1458294 -0.7051978 0.6827052 0.123866
127390 2.985227 4.372138 0.067123 -0.139917 -0.70433 0.685881 0.11794
127456 2.9419844 4.389823 0.0635294 -0.1320748 -0.702977 0.6895734 0.1134358
127522 2.8972964 4.4101274 0.0618546 -0.1243396 -0.7028998 0.6918348 0.108792
127588 2.8520452 4.4320528 0.0625704 -0.115642 -0.7037926 0.6933974 0.1024798
127654 2.8075226 4.4545454 0.0644918 -0.108345 -0.7086572 0.6905186 0.096179
127720 2.764098 4.475488 0.066244 -0.099204 -0.713418 0.687896 0.089401
127786 2.7222474 4.49174 0.06765 -0.0902754 -0.7152372 0.6880202 0.0831484
127852 2.6827134 4.5042166 0.0685912 -0.0862454 -0.7178434 0.686397 0.0782382
127918 2.6436698 4.5133462 0.0674644 -0.082532 -0.7182018 0.6868764 0.074667
127984 2.6044942 4.5194272 0.0636296 -0.0780212 -0.7170856 0.6888354 0.0721586
128050 2.5653 4.523177 0.057739 -0.075595 -0.71768 0.68846 0.072411
128116 2.5252474 4.5256808 0.0504668 -0.073976 -0.7189372 0.6870106 0.0753218
128182 2.4839708 4.5272966 0.0436742 -0.073549 -0.7188578 0.6864738 0.0811688
128248 2.4419668 4.5293736 0.0396254 -0.0733188 -0.720763 0.683842 0.0865166
128314 2.4001044 4.5324914 0.0381886 -0.0715566 -0.7234494 0.680474 0.0919544
128380 2.35946 4.534968 0.039233 -0.071159 -0.723107 0.680422 0.095278
128446 2.321349 4.538962 0.0423304 -0.0763226 -0.7227278 0.6805342 0.093338
128512 2.2836146 4.5436938 0.0458512 -0.0845056 -0.7221696 0.6807802 0.0887024
128578 2.2446396 4.5499914 0.048061 -0.0896246 -0.7206924 0.682502 0.0822212
128644 2.203419 4.5581234 0.0475744 -0.089241 -0.718063 0.6859408 0.076857
128710 2.159632 4.568891 0.044938 -0.085263 -0.71583 0.689343 0.071578
128776 2.1133626 4.5816518 0.0412468 -0.080244 -0.7138984 0.69237 0.0673338
128842 2.0660592 4.5962408 0.0385758 -0.0741594 -0.7137216 0.6936954 0.0623492
128908 2.0193344 4.6107942 0.038176 -0.0688512 -0.7153116 0.6931248 0.0562658
128974 1.9749904 4.6254628 0.039444 -0.0633832 -0.7217424 0.6875448 0.0484918
129040 1.932958 4.636778 0.040415 -0.054507 -0.725641 0.68471 0.040584
129106 1.8938862 4.643126 0.0409678 -0.0486646 -0.727297 0.6837224 0.0345512
129172 1.8573498 4.6463556 0.0410746 -0.0451764 -0.7289728 0.682394 0.0299422
129238 1.822012 4.6469302 0.0397028 -0.038534 -0.7276704 0.6843412 0.0262398
129304 1.7878162 4.6446874 0.03718 -0.0319572 -0.724593 0.6880102 0.0241804
129370 1.754459 4.639661 0.034066 -0.028546 -0.722129 0.690751 0.024036
129436 1.721151 4.6328734 0.0307722 -0.0253178 -0.7202352 0.6928446 0.0242162
129502 1.6879616 4.6260846 0.0278088 -0.020838 -0.721297 0.6918508 0.025281
129568 1.6546786 4.6192658 0.0256628 -0.0152072 -0.7227842 0.6903502 0.0277132
129634 1.6217392 4.6118626 0.0250026 -0.0113428 -0.720724 0.6925464 0.0284134
129700 1.590681 4.606508 0.026275 -0.010969 -0.718832 0.69463 0.025463
129766 1.5596186 4.6020612 0.0281212 -0.0133628 -0.7188476 0.694684 0.0221924
129832 1.526706 4.5976746 0.0292086 -0.0151168 -0.7184094 0.6952092 0.0185402
129898 1.491694 4.5953346 0.0293406 -0.0149478 -0.7178576 0.6958872 0.0140638
129964 1.4540078 4.595819 0.0287038 -0.012745 -0.7165488 0.6973598 0.0091826
130030 1.413439 4.598444 0.027551 -0.009378 -0.713349 0.700735 0.003939
130096 1.3703168 4.6032556 0.0256314 -0.0057104 -0.7105696 0.703603 -0.0006616
130162 1.3249958 4.611003 0.0230644 -0.0006348 0.7110394 -0.7031368 0.0046336
130228 1.279399 4.6200776 0.0213928 -0.0084286 0.7135112 -0.7005218 0.0099842
130294 1.2353794 4.6296906 0.0216626 -0.0131466 0.719431 -0.6942578 0.0158448
130360 1.193278 4.63781 0.02239 -0.018242 0.722941 -0.690356 0.020786
130426 1.1543238 4.6411554 0.0227628 -0.0244726 0.7213306 -0.6917842 0.0227434
130492 1.1195634 4.6417658 0.0237824 -0.0276422 0.7226618 -0.6901828 0.025383
130558 1.0877102 4.6400514 0.0244392 -0.0297072 0.7240122 -0.688507 0.0296948
130624 1.0579094 4.6349086 0.0235806 -0.0328232 0.7207944 -0.6915542 0.0336206
130690 1.029709 4.626321 0.021601 -0.034419 0.717833 -0.69447 0.035251
130756 1.0022302 4.6147016 0.0185498 -0.0354384 0.7169208 -0.6953594 0.0352662
130822 0.9745696 4.6008572 0.0139064 -0.0361624 0.7174846 -0.6949168 0.0315992
130888 0.9471556 4.5877632 0.0092256 -0.0368458 0.7223476 -0.690018 0.0270468
130954 0.9203714 4.5748086 0.0067098 -0.0367806 0.7246472 -0.6877948 0.0217196
131020 0.895464 4.561565 0.007941 -0.035904 0.720549 -0.692145 0.021342
131086 0.8729526 4.5512156 0.0118498 -0.0346856 0.7183438 -0.6943458 0.0257536
131152 0.85113 4.5415282 0.015699 -0.0333948 0.7186378 -0.693988 0.0287296
131218 0.8283378 4.5316884 0.0182616 -0.0334608 0.7178822 -0.6946238 0.031991
131284 0.80355 4.522913 0.0192026 -0.0354782 0.715598 -0.6966038 0.0374694
131350 0.775926 4.514502 0.019146 -0.037402 0.713329 -0.69847 0.043613
131416 0.745187 4.506026 0.0190184 -0.0385076 0.7114412 -0.699837 0.0509594
131482 0.7112278 4.496429 0.0178632 -0.0397566 0.7088136 -0.7018924 0.0578726
131548 0.6740138 4.4863512 0.0152396 -0.043401 0.7067568 -0.7034028 0.0619308
131614 0.6348434 4.4766358 0.0126384 -0.0494742 0.7070658 -0.7023624 0.0655508
131680 0.596275 4.467448 0.011144 -0.055807 0.708205 -0.700175 0.071315
131746 0.5599858 4.4601164 0.0107976 -0.0609074 0.7133432 -0.6937948 0.0779682
131812 0.525914 4.4524448 0.0105852 -0.0680644 0.7177366 -0.687919 0.083601
131878 0.4940598 4.4417348 0.010455 -0.0755382 0.7176218 -0.686677 0.0882448
131944 0.4641682 4.4288898 0.0106208 -0.0789806 0.7185446 -0.6849862 0.0908226
132010 0.435875 4.414475 0.009923 -0.081499 0.719999 -0.682809 0.093436
132076 0.4088248 4.3977584 0.007112 -0.0850428 0.720372 -0.6817584 0.0950678
132142 0.383553 4.378424 0.002821 -0.0874928 0.719701 -0.682162 0.0950278
132208 0.3601326 4.357042 -0.001449 -0.0885478 0.7192558 -0.6826254 0.0940908
132274 0.3377564 4.3346486 -0.004956 -0.0893896 0.7195634 -0.6825326 0.091584
132340 0.315488 4.314917 -0.006929 -0.089799 0.725159 -0.676913 0.088708
132406 0.2938348 4.2964238 -0.0069654 -0.0881732 0.7290174 -0.6730848 0.0878414
132472 0.2729418 4.280457 -0.0046036 -0.0881232 0.7272098 -0.6744546 0.0922576
132538 0.25258 4.2679352 -0.0008872 -0.08857 0.7261378 -0.6747426 0.0979872
132604 0.2315326 4.255988 0.0020452 -0.0883816 0.725315 -0.674972 0.1025666
132670 0.207607 4.245389 0.003443 -0.091157 0.723853 -0.675098 0.109409
132736 0.179732 4.23576 0.0029542 -0.0973184 0.7218198 -0.6753936 0.1155352
132802 0.148636 4.225917 0.0016312 -0.103567 0.7192768 -0.6762314 0.1209342
132868 0.1150558 4.216306 0.0004428 -0.1087644 0.7165316 -0.6771978 0.127103
132934 0.08029 4.207396 -0.0007 -0.1155254 0.7126814 -0.6789164 0.1334576
133000 0.045983 4.198962 -0.00132 -0.123072 0.710214 -0.67929 0.137892
133066 0.0137512 4.191608 -0.0004278 -0.1286774 0.7127956 -0.6749278 0.1408416
133132 -0.0155046 4.184935 0.0016112 -0.1353442 0.7153424 -0.6702284 0.1440848
133198 -0.0401858 4.1759732 0.004157 -0.1415302 0.71184 -0.6718036 0.148099
133264 -0.0599812 4.16549 0.0071308 -0.143789 0.709086 -0.6734644 0.1515504
133330 -0.07577 4.153864 0.009499 -0.144351 0.708336 -0.673547 0.154137
133396 -0.0877 4.1402794 0.0106942 -0.1462022 0.7063278 -0.6748518 0.1558854
133462 -0.0963216 4.1243298 0.0110646 -0.147255 0.702384 -0.6788018 0.155563
133528 -0.1030108 4.1081724 0.0119462 -0.1467694 0.7004838 -0.6808138 0.1558
133594 -0.1094694 4.0923158 0.013012 -0.143783 0.7012782 -0.681035 0.1540374
133660 -0.116731 4.078113 0.013939 -0.141946 0.702568 -0.680183 0.153625
133726 -0.123728 4.0651886 0.0150724 -0.1410406 0.7040134 -0.6781594 0.1567572
133792 -0.1299888 4.0518 0.015411 -0.1395468 0.7056096 -0.6761382 0.15962
133858 -0.136984 4.0385852 0.014491 -0.1392694 0.7073512 -0.6736248 0.1627512
133924 -0.145537 4.0260798 0.0127082 -0.141743 0.708912 -0.6704434 0.1669106
133990 -0.155479 4.013184 0.010718 -0.145481 0.709581 -0.667962 0.170752
134056 -0.167178 3.99963 0.0096328 -0.1491888 0.7091652 -0.6662844 0.175765
134122 -0.1810514 3.9854098 0.0091382 -0.1533532 0.707109 -0.6658972 0.181825
134188 -0.1976138 3.971187 0.008548 -0.1589164 0.7059934 -0.6644334 0.186674
134254 -0.216238 3.9571946 0.0079874 -0.165614 0.70605 -0.6617262 0.1902194
134320 -0.235557 3.943183 0.007407 -0.171993 0.706353 -0.658871 0.193321
134386 -0.2546564 3.9305006 0.0064124 -0.1786262 0.7054424 -0.6569648 0.1970808
134452 -0.2729082 3.92037 0.0049728 -0.1862012 0.7043474 -0.654981 0.2005564
134518 -0.2882672 3.9118108 0.0033638 -0.1929604 0.703091 -0.6534834 0.2034404
134584 -0.2998854 3.90397 0.0016874 -0.1976012 0.7022486 -0.652253 0.205832
134650 -0.30814 3.897313 -1.9e-05 -0.199661 0.703108 -0.650207 0.207378
134716 -0.3135256 3.8917838 -0.0017276 -0.2006296 0.705039 -0.64787 0.2072014
134782 -0.3165616 3.8861042 -0.0031856 -0.2016998 0.704013 -0.6491622 0.2055992
134848 -0.3177788 3.8793286 -0.003935 -0.2007134 0.6999534 -0.6549522 0.20203
134914 -0.3192314 3.8740198 -0.0033596 -0.1982108 0.7003 -0.656607 0.197888
134980 -0.321815 3.870844 -0.002364 -0.197414 0.702225 -0.655381 0.195918
135046 -0.324208 3.8682396 -0.0019834 -0.19688 0.7015342 -0.6567262 0.19442
135112 -0.3261546 3.8672552 -0.0016694 -0.1941044 0.7021532 -0.6572784 0.1931048
135178 -0.3278668 3.867716 -0.0011896 -0.1905204 0.703686 -0.6564934 0.1937646
135244 -0.328931 3.8696756 -0.0008228 -0.1880548 0.7054102 -0.6544768 0.196701
135310 -0.328528 3.872575 -0.001086 -0.18678 0.707346 -0.652202 0.198513
135376 -0.3259224 3.8757874 -0.0018208 -0.1857574 0.709357 -0.6506782 0.197293
135442 -0.3203622 3.8793072 -0.0023208 -0.1837854 0.7105128 -0.6505394 0.1954326
135508 -0.3116182 3.8835726 -0.002493 -0.1808752 0.711206 -0.6512026 0.1934028
135574 -0.299646 3.8888158 -0.0029272 -0.1788224 0.7117144 -0.6519924 0.1907642
135640 -0.284229 3.894788 -0.003698 -0.177842 0.712232 -0.652687 0.187347
135706 -0.2651624 3.9017056 -0.004455 -0.1767432 0.7130786 -0.653181 0.1834
135772 -0.242107 3.9096392 -0.0047224 -0.1742218 0.7132642 -0.6544508 0.1805386
135838 -0.2150162 3.9186242 -0.0042954 -0.1695806 0.7132534 -0.6564162 0.177846
135904 -0.1846768 3.9277124 -0.0033138 -0.1620612 0.7133348 -0.6590472 0.1747732
135970 -0.153131 3.936338 -0.002121 -0.15254 0.714803 -0.660604 0.171435
136036 -0.1225572 3.9438704 -0.0009364 -0.1446346 0.7165706 -0.6611922 0.1686172
136102 -0.0935692 3.9507278 0.0005948 -0.138023 0.7210222 -0.6583118 0.1664402
136168 -0.0660356 3.9551176 0.0018108 -0.1331976 0.7258234 -0.6546014 0.1641232
136234 -0.0399482 3.9566708 0.0029546 -0.1307332 0.7302802 -0.650772 0.161543
136300 -0.014503 3.954634 0.003433 -0.130058 0.731662 -0.649909 0.159293
136366 0.0104236 3.9492954 0.0032756 -0.129093 0.7302254 -0.6521014 0.157698
136432 0.0348276 3.9416086 0.0024144 -0.1266878 0.728582 -0.654749 0.1562788
136498 0.059303 3.9322548 0.0016912 -0.1233218 0.7270636 -0.6571026 0.1561612
136564 0.0835716 3.9218096 0.0006416 -0.1195056 0.7249676 -0.6597714 0.1576138
136630 0.107055 3.91041 -0.000726 -0.115968 0.723256 -0.661914 0.159128
136696 0.1301304 3.8992016 -0.0009426 -0.1141134 0.723905 -0.6612762 0.1601652
136762 0.1532786 3.8899306 0.000358 -0.1137396 0.7250588 -0.659402 0.1629172
136828 0.1762946 3.8819236 0.0020974 -0.1131876 0.7244296 -0.6597474 0.164694
136894 0.1976626 3.87543 0.0039936 -0.1113804 0.723824 -0.6613206 0.1622596
136960 0.217804 3.870077 0.005225 -0.111395 0.721616 -0.664191 0.16035
137026 0.238211 3.8658288 0.0047846 -0.1129006 0.7215532 -0.6645152 0.1582208
137092 0.259836 3.862474 0.0019918 -0.1124526 0.7240854 -0.6627998 0.1541146
137158 0.2826578 3.8595306 -0.0036042 -0.1091358 0.7265574 -0.6624356 0.1462284
137224 0.3073286 3.8567038 -0.011815 -0.1044224 0.7266592 -0.6653322 0.1356258
137290 0.335316 3.854085 -0.020992 -0.097215 0.727236 -0.668232 0.123058
137356 0.3669878 3.8508744 -0.0296642 -0.0851594 0.7303404 -0.6695286 0.105258
137422 0.4002118 3.8495464 -0.0368548 -0.0711544 0.7352196 -0.6686824 0.085147
137488 0.434391 3.8515554 -0.0406104 -0.055002 0.739773 -0.6671784 0.0676916
137554 0.4692464 3.8563812 -0.0404544 -0.0359084 0.7444798 -0.664723 0.0509884
137620 0.502847 3.862511 -0.037798 -0.017236 0.746182 -0.664559 0.035733
137686 0.5336954 3.8693374 -0.0339052 0.0003666 0.7455994 -0.666006 0.0226904
137752 0.5615734 3.8767724 -0.0305014 -0.0149014 -0.7442916 0.6675756 -0.012272
137818 0.5868712 3.8841742 -0.028623 -0.0255472 -0.7428302 0.6689878 -0.002246
137884 0.6111094 3.8910874 -0.0278198 -0.0337372 -0.7403764 0.6713152 0.0063096
137950 0.635506 3.898245 -0.027707 -0.041885 -0.738427 0.672886 0.013957
138016 0.6604182 3.9075032 -0.0280418 -0.047755 -0.7366122 0.6743434 0.0195508
138082 0.6864296 3.9191494 -0.0284562 -0.051539 -0.7341654 0.6765756 0.024299
138148 0.7144984 3.9319418 -0.0285 -0.0551508 -0.7307712 0.6798596 0.0268872
138214 0.744664 3.9453426 -0.0288096 -0.0583568 -0.7271108 0.6833966 0.029554
138280 0.777297 3.960522 -0.028522 -0.060305 -0.727213 0.683105 0.029871
138346 0.8116754 3.9767796 -0.0263892 -0.0615062 -0.7295576 0.6806228 0.0267334
138412 0.8458898 3.9934494 -0.0224724 -0.0614298 -0.7341222 0.6758414 0.0230034
138478 0.8799088 4.0099792 -0.0172712 -0.0604238 -0.7396916 0.6698846 0.0214572
138544 0.9142318 4.0242106 -0.012015 -0.0574626 -0.7403296 0.6694098 0.0223666
138610 0.94966 4.035698 -0.007522 -0.053625 -0.736863 0.673452 0.024905
138676 0.9879862 4.0457808 -0.0037214 -0.0502556 -0.7332984 0.677528 0.026521
138742 1.0293542 4.054581 -0.0013586 -0.0492422 -0.7301732 0.6808342 0.0297754
138808 1.0734932 4.0630796 0.0005606 -0.051082 -0.7271532 0.6838208 0.032063
138874 1.1191326 4.0721972 0.0024688 -0.0554294 -0.7250448 0.6856642 0.0332004
138940 1.164721 4.082229 0.005514 -0.060082 -0.722572 0.687925 0.03225
139006 1.2089224 4.0931748 0.010305 -0.0644156 -0.7207738 0.6895886 0.0283472
139072 1.250656 4.1062112 0.0151796 -0.0666764 -0.7222934 0.687961 0.0235998
139138 1.2880854 4.1191342 0.0183832 -0.0686538 -0.7232558 0.6867056 0.0249582
139204 1.3220516 4.1327234 0.0207394 -0.069094 -0.724112 0.6857272 0.0258094
139270 1.354102 4.147483 0.021897 -0.067098 -0.725318 0.684606 0.026972
139336 1.3847884 4.1621086 0.021248 -0.0636224 -0.7243598 0.68575 0.0316556
139402 1.4153118 4.1781898 0.0201462 -0.0625126 -0.7258998 0.6840244 0.035666
139468 1.4460682 4.1955578 0.019666 -0.0638118 -0.729018 0.6805312 0.0365742
139534 1.4770868 4.213232 0.0197936 -0.0678866 -0.7328046 0.6760908 0.0359096
139600 1.508332 4.230086 0.020287 -0.07479 -0.737646 0.670088 0.035597
139666 1.5396398 4.2455596 0.0206902 -0.081796 -0.7424 0.663891 0.0374144
139732 1.5719242 4.2601958 0.020525 -0.0853962 -0.7451822 0.660095 0.0410462
139798 1.6065228 4.2735642 0.0204104 -0.0880264 -0.7455654 0.6589946 0.0459308
139864 1.6435892 4.2838746 0.020672 -0.0915202 -0.7419556 0.6620562 0.0529826
139930 1.683062 4.292 0.020354 -0.093429 -0.73782 0.665749 0.060596
139996 1.7253492 4.2984722 0.0195468 -0.0953924 -0.7356706 0.6672488 0.0668412
140062 1.7699416 4.3029218 0.0183216 -0.0998902 -0.7337502 0.6680442 0.0731336
140128 1.8161222 4.3063652 0.0175002 -0.1082556 -0.7318436 0.6681826 0.0788478
140194 1.8626964 4.3103906 0.0187678 -0.1197564 -0.7305658 0.667466 0.080126
140260 1.907658 4.315758 0.020978 -0.129613 -0.730159 0.666096 0.079906
140326 1.9496944 4.3228434 0.0224446 -0.1361752 -0.7307484 0.663837 0.0823588
140392 1.9890172 4.3320228 0.023209 -0.1395692 -0.7322682 0.6608976 0.0867052
140458 2.026287 4.342554 0.0236454 -0.1378312 -0.7321714 0.6608566 0.0905304
140524 2.0625028 4.3540102 0.0234478 -0.1335382 -0.732156 0.6614278 0.0928896
140590 2.098226 4.366532 0.022393 -0.12936 -0.732943 0.661235 0.093964
140656 2.1342036 4.3800174 0.021192 -0.1267542 -0.7341304 0.6605294 0.0932046
140722 2.1699562 4.3935116 0.0204834 -0.1279844 -0.7358504 0.658535 0.0920644
140788 2.2046822 4.4057538 0.021216 -0.133902 -0.7395166 0.6533816 0.0909778
140854 2.2380526 4.4155106 0.022841 -0.1414548 -0.7442598 0.6463858 0.0908424
140920 2.271462 4.423686 0.023746 -0.145855 -0.748369 0.640365 0.092754
140986 2.3061274 4.4297952 0.0240592 -0.1466796 -0.7488946 0.6388 0.097861
141052 2.3422598 4.4323016 0.0247174 -0.1464618 -0.7448078 0.6421816 0.1068308
141118 2.3810878 4.4319432 0.0261718 -0.146915 -0.7405078 0.6454914 0.1157768
141184 2.4239012 4.429343 0.028422 -0.1483062 -0.7361902 0.6490566 0.1214682
141250 2.470774 4.424444 0.030108 -0.151455 -0.731553 0.652818 0.125378
141316 2.5204934 4.4169634 0.03002 -0.1546616 -0.7287798 0.6543668 0.1294738
141382 2.5711034 4.40711 0.028826 -0.1576118 -0.728963 0.6527978 0.1327654
141448 2.6213958 4.3966206 0.0288386 -0.1609494 -0.7337946 0.646414 0.1333782
141514 2.670125 4.3845676 0.0311324 -0.167024 -0.7380098 0.6406426 0.1304666
141580 2.715497 4.370967 0.033775 -0.172603 -0.739766 0.637746 0.127411
141646 2.7566682 4.3565146 0.0352776 -0.1751724 -0.7423044 0.634433 0.1256694
141712 2.7940192 4.3404416 0.0349722 -0.1747394 -0.7443438 0.6319624 0.1266546
141778 2.8287482 4.3215874 0.0335764 -0.1732262 -0.7439988 0.6324186 0.1284732
141844 2.8613562 4.2998494 0.0317446 -0.174365 -0.7426144 0.6333776 0.1302066
141910 2.892746 4.274978 0.030006 -0.178618 -0.740704 0.634144 0.131584
141976 2.9253082 4.2478572 0.0283374 -0.1831808 -0.738786 0.634686 0.133471
142042 2.9594674 4.2193506 0.0278432 -0.1852526 -0.7386374 0.6335388 0.1368368
142108 2.995717 4.1923596 0.030666 -0.1861138 -0.7413408 0.6296 0.1392096
142174 3.0329592 4.16458 0.03637 -0.1855184 -0.7385278 0.632694 0.1409142
142240 3.070111 4.137375 0.04273 -0.183017 -0.735845 0.636243 0.142239
142306 3.1072082 4.1120104 0.0475848 -0.1819662 -0.7367366 0.6348288 0.1452582
142372 3.1454014 4.0873076 0.0498346 -0.1809996 -0.735602 0.6355862 0.1488578
142438 3.1861746 4.0629848 0.0489414 -0.179487 -0.7321238 0.6385032 0.1552164
142504 3.2313422 4.0407978 0.0465862 -0.1798782 -0.7299692 0.639267 0.1616376
142570 3.280544 4.021089 0.045681 -0.183487 -0.729106 0.638989 0.162574
142636 3.3319696 4.0024874 0.0473722 -0.1892298 -0.7282986 0.6385468 0.1613414
142702 3.383174 3.9841084 0.0514716 -0.1967608 -0.7290664 0.6358706 0.1594228
142768 3.4304936 3.9644716 0.0550754 -0.2030944 -0.729584 0.632777 0.1614098
142834 3.4738978 3.9448386 0.0569076 -0.2029552 -0.731699 0.6295062 0.1647672
142900 3.514609 3.924037 0.057397 -0.200125 -0.734441 0.62672 0.166641
142966 3.5533336 3.899863 0.0569514 -0.1996678 -0.7340954 0.6271694 0.1670204
143032 3.590839 3.8722044 0.0553334 -0.202517 -0.7318796 0.6287434 0.1673924
143098 3.6272722 3.8414232 0.0519272 -0.2069804 -0.7297646 0.629422 0.1686114
143164 3.663572 3.8081252 0.0470908 -0.2126974 -0.7288768 0.6280748 0.1703534
143230 3.700363 3.77321 0.042733 -0.219319 -0.728587 0.625336 0.17325
143296 3.738569 3.7377618 0.0410866 -0.224342 -0.7276648 0.6238708 0.1759532
143362 3.777958 3.7019354 0.0436074 -0.2299348 -0.7270212 0.6213722 0.1801844
143428 3.8183222 3.667056 0.050823 -0.232696 -0.727192 0.619948 0.1808546
143494 3.8583066 3.6348354 0.0588622 -0.229489 -0.726808 0.6207456 0.1837398
143560 3.895806 3.605363 0.06493 -0.224617 -0.723997 0.623291 0.19205
143626 3.933297 3.5779644 0.0687296 -0.2227636 -0.721299 0.6251592 0.1981912
143692 3.972151 3.5509222 0.0695594 -0.2238638 -0.7203458 0.6244164 0.2027108
143758 4.0128306 3.5239598 0.0671536 -0.2247798 -0.7192974 0.6232858 0.2088054
143824 4.0562436 3.497209 0.0632192 -0.2263502 -0.7160694 0.623965 0.2160512
143890 4.103922 3.471787 0.060488 -0.231856 -0.71236 0.624707 0.220287
143956 4.1550602 3.447573 0.060246 -0.2406008 -0.709439 0.624548 0.2207878
144022 4.20676 3.4241068 0.0625646 -0.2502904 -0.7095608 0.6206088 0.220732
144088 4.2561142 3.4004482 0.066267 -0.2596014 -0.7117616 0.613815 0.2218878
144154 4.300406 3.374633 0.0696238 -0.26779 -0.7122052 0.6084366 0.2255154
144220 4.341074 3.348534 0.072036 -0.271904 -0.71499 0.602494 0.227725
144286 4.378173 3.319763 0.073446 -0.2734446 -0.7162826 0.5994154 0.2299316
144352 4.4121094 3.2864968 0.0737866 -0.2782988 -0.7114476 0.6009066 0.2351648
144418 4.4437632 3.2498464 0.0730848 -0.2864364 -0.7042782 0.6036154 0.2399872
144484 4.4739404 3.2113 0.0708418 -0.2954056 -0.6998192 0.603603 0.2421814
144550 4.503691 3.17082 0.067787 -0.303505 -0.698196 0.601375 0.242393
144616 4.5350452 3.1283894 0.0659884 -0.3082588 -0.6969914 0.5998872 0.243545
144682 4.5692558 3.0852586 0.068045 -0.3116566 -0.6987644 0.596328 0.2428802
144748 4.6052222 3.0427656 0.0736048 -0.3111074 -0.7031608 0.5933276 0.2382016
144814 4.6397092 3.0019178 0.0794548 -0.3066638 -0.7049074 0.5932846 0.2389072
144880 4.672374 2.962826 0.084267 -0.301418 -0.703029 0.595477 0.245567
144946 4.70489 2.923958 0.0870282 -0.2967494 -0.699565 0.5989132 0.2526892
145012 4.7394328 2.8842282 0.0869428 -0.2934814 -0.6966108 0.6012706 0.2589882
145078 4.777126 2.8430654 0.0843912 -0.2921444 -0.6936838 0.6028812 0.264555
145144 4.8184776 2.8008102 0.080921 -0.2933362 -0.6914318 0.603563 0.2675598
145210 4.861924 2.758529 0.078237 -0.297395 -0.690031 0.601934 0.270351
145276 4.9059648 2.7167822 0.078506 -0.303607 -0.6894842 0.5990798 0.271178
145342 4.9488568 2.6748562 0.0811766 -0.3107396 -0.6900732 0.5947406 0.2711514
145408 4.9866686 2.6309436 0.083947 -0.3189838 -0.6883324 0.5910532 0.2740508
145474 5.0193218 2.5866452 0.0847426 -0.3233296 -0.6886418 0.5866938 0.2775258
145540 5.048903 2.542647 0.083596 -0.324721 -0.691741 0.581677 0.278753
145606 5.0745246 2.496064 0.0805898 -0.328582 -0.6882966 0.5816164 0.2828474
145672 5.0959134 2.4468098 0.0761936 -0.3343814 -0.6798274 0.585023 0.2894336
145738 5.114906 2.3965616 0.0711226 -0.3397432 -0.6747964 0.5863342 0.2922954
145804 5.1329164 2.3447002 0.0660614 -0.3433798 -0.6738254 0.5852382 0.2924832
145870 5.150931 2.290372 0.063711 -0.348156 -0.675942 0.580746 0.290903
145936 5.1708934 2.2362158 0.0662168 -0.3534974 -0.6792668 0.5755816 0.2869524
146002 5.1903974 2.1836162 0.0717148 -0.3524406 -0.6766506 0.577904 0.2897506
146068 5.209937 2.1340416 0.0772818 -0.3471794 -0.6725618 0.5816856 0.2979404
146134 5.2302784 2.086599 0.0806894 -0.343933 -0.6712486 0.5820086 0.3039756
146200 5.251767 2.039429 0.080195 -0.344204 -0.670786 0.579411 0.309601
146266 5.275778 1.9917038 0.076324 -0.3468702 -0.6686028 0.576927 0.315921
146332 5.303705 1.943636 0.0715902 -0.3522988 -0.665219 0.574943 0.3206394
146398 5.3340138 1.895301 0.0684176 -0.359157 -0.6617692 0.572959 0.3237056
146464 5.364511 1.8469498 0.0683604 -0.367441 -0.6606668 0.5680638 0.3252834
146530 5.393906 1.799898 0.070639 -0.375988 -0.662288 0.560375 0.325558
146596 5.4181956 1.753105 0.0735122 -0.3841584 -0.6612036 0.5546508 0.3280162
146662 5.4381544 1.707712 0.0751624 -0.3864296 -0.6616002 0.550966 0.3307468
146728 5.454522 1.6624142 0.0746794 -0.3866316 -0.6625314 0.5480022 0.3335592
146794 5.46685 1.6154888 0.0721592 -0.3903508 -0.6593354 0.5471374 0.336962
146860 5.475201 1.567305 0.067725 -0.396883 -0.653204 0.547842 0.340115
146926 5.4800646 1.5181378 0.0617406 -0.4029724 -0.6481798 0.5483462 0.341748
146992 5.4826938 1.4682044 0.055664 -0.4088508 -0.6460608 0.5452144 0.3437842
147058 5.4851096 1.4178574 0.0527132 -0.411981 -0.6443946 0.5437562 0.34548
147124 5.4885728 1.367806 0.0555258 -0.4175314 -0.6428104 0.5410206 0.3460618
147190 5.492649 1.319497 0.061684 -0.418912 -0.639793 0.542752 0.347272
147256 5.4961252 1.2741768 0.0667266 -0.4178604 -0.6357314 0.5433586 0.3549634
147322 5.5021638 1.232991 0.0695116 -0.4180454 -0.6349596 0.539277 0.3622778
147388 5.5102338 1.1942852 0.0702168 -0.4183282 -0.6345602 0.5358396 0.3677096
147454 5.5198982 1.1561296 0.0683836 -0.4197962 -0.6323634 0.5315518 0.3759516
147520 5.533186 1.118196 0.065274 -0.422848 -0.628789 0.527269 0.384463
147586 5.5509216 1.080124 0.0629664 -0.428119 -0.624091 0.5242138 0.3904156
147652 5.5722962 1.0413032 0.0617024 -0.4341378 -0.6182404 0.5213952 0.3967992
147718 5.5961108 1.000879 0.0620988 -0.4415766 -0.6113004 0.5182456 0.4034134
147784 5.6217286 0.9592968 0.0645076 -0.4485082 -0.6068066 0.5148482 0.4068864
147850 5.646801 0.91808 0.06779 -0.453958 -0.60584 0.510096 0.408267
147916 5.6670034 0.8774634 0.071385 -0.4583804 -0.6021592 0.508013 0.4113562
147982 5.6827404 0.8387388 0.0741908 -0.4581692 -0.5997184 0.508019 0.4151334
148048 5.6953934 0.8017644 0.07526 -0.4562428 -0.6009766 0.50703 0.416641
148114 5.703398 0.7648984 0.074267 -0.4587494 -0.5994536 0.5046424 0.418975
148180 5.707017 0.727629 0.07183 -0.464313 -0.595011 0.502244 0.422051
148246 5.7079152 0.6900588 0.0687594 -0.4690246 -0.5902934 0.5019214 0.423845
148312 5.707041 0.6514324 0.0653844 -0.4728618 -0.585566 0.5026398 0.4252848
148378 5.7040448 0.611046 0.0630938 -0.4750238 -0.5812916 0.5041308 0.426971
148444 5.7004048 0.5697308 0.064196 -0.477051 -0.5786742 0.5041114 0.4282874
148510 5.698896 0.529191 0.069078 -0.47963 -0.578803 0.504142 0.425185
148576 5.6967782 0.491281 0.0747502 -0.4790936 -0.5764862 0.5062224 0.4264642
148642 5.695481 0.4582034 0.0786818 -0.4781586 -0.5746818 0.5048438 0.431553
148708 5.6947578 0.4291726 0.080919 -0.4778576 -0.5758324 0.5017662 0.4339358
148774 5.6938392 0.4008744 0.0814028 -0.4782312 -0.5785216 0.4966498 0.4358286
148840 5.69314 0.371264 0.080811 -0.48062 -0.57861 0.490828 0.439661
148906 5.6925932 0.3399564 0.0806732 -0.482263 -0.5744766 0.4892458 0.4450136
148972 5.6935702 0.3068194 0.080826 -0.4828022 -0.5692978 0.4902412 0.4499616
149038 5.6960368 0.2713724 0.0801188 -0.4851462 -0.564224 0.4887354 0.455436
149104 5.7002324 0.2338042 0.0798346 -0.489993 -0.5588386 0.4866562 0.4590986
149170 5.705531 0.195107 0.080813 -0.495624 -0.554495 0.485472 0.459575
149236 5.712198 0.1571278 0.082266 -0.501157 -0.554678 0.480573 0.4585008
149302 5.7176278 0.120687 0.084553 -0.5077836 -0.5527312 0.4747604 0.4596154
149368 5.720092 0.0861018 0.0868126 -0.5111398 -0.5498684 0.47171 0.4624614
149434 5.7206728 0.0529582 0.087427 -0.5095778 -0.5508232 0.4690138 0.4657792
149500 5.71844 0.01908 0.086271 -0.508914 -0.550297 0.467894 0.468247
149566 5.7132198 -0.0156738 0.0831122 -0.5115378 -0.5462656 0.468168 0.4698306
149632 5.7048602 -0.0500914 0.07767 -0.5163902 -0.5411026 0.4672206 0.4714376
149698 5.6929852 -0.0837346 0.0715004 -0.5236238 -0.5367598 0.464085 0.4715216
149764 5.6794976 -0.1173064 0.0666278 -0.5305986 -0.53431 0.4616838 0.4688562
149830 5.665623 -0.152082 0.06489 -0.534933 -0.531487 0.46308 0.465752
149896 5.6520966 -0.1884648 0.067139 -0.53902 -0.5278554 0.4636294 0.464622
149962 5.6390402 -0.2251348 0.0716914 -0.5395862 -0.5249296 0.4651828 0.4657254
150028 5.6264416 -0.2592864 0.0762348 -0.5379704 -0.5221506 0.4661046 0.4697796
150094 5.6170916 -0.289428 0.079631 -0.5371988 -0.5210682 0.4637922 0.4741336
150160 5.610018 -0.316978 0.082765 -0.537498 -0.519678 0.461693 0.477358
150226 5.6028856 -0.343223 0.0849252 -0.5376222 -0.5160316 0.4596816 0.4830798
150292 5.5968526 -0.3693118 0.0854288 -0.5380992 -0.5132042 0.4549182 0.49002
150358 5.5931736 -0.3964144 0.0849964 -0.5391896 -0.5110296 0.4487936 0.496696
150424 5.590614 -0.4252382 0.084244 -0.540005 -0.506783 0.4442634 0.5041776
150490 5.588886 -0.455955 0.08339 -0.542347 -0.500509 0.438705 0.512726
150556 5.588722 -0.4887336 0.0840158 -0.5467746 -0.4945594 0.4339814 0.5177914
150622 5.5906776 -0.5224068 0.086305 -0.5514838 -0.4911592 0.4302944 0.5191088
150688 5.5928994 -0.5549124 0.089012 -0.55436 -0.487914 0.4272062 0.5216508
150754 5.5952746 -0.5849492 0.0914812 -0.557329 -0.4839068 0.4249568 0.5240516
150820 5.598355 -0.611914 0.0936 -0.561814 -0.480986 0.424867 0.522021
150886 5.6016266 -0.634918 0.0948066 -0.5647634 -0.48058 0.4262792 0.5180456
150952 5.6052776 -0.6544714 0.094542 -0.564387 -0.4839188 0.427923 0.5139772
151018 5.6093464 -0.6707086 0.0932196 -0.5619818 -0.4891382 0.4303048 0.5096644
151084 5.6131772 -0.683592 0.0913262 -0.5577346 -0.4945466 0.4333952 0.506481
151150 5.616936 -0.693524 0.089687 -0.552315 -0.49949 0.437161 0.50433
151216 5.6202352 -0.7013242 0.0884208 -0.5490374 -0.5028634 0.4387866 0.5031434
151282 5.624341 -0.7092284 0.088389 -0.5514598 -0.5054138 0.4366028 0.4998272
151348 5.6284886 -0.7191762 0.0898772 -0.5549884 -0.50419 0.4347322 0.498786
151414 5.6300598 -0.731197 0.0911352 -0.5538584 -0.4981892 0.4338696 0.5067594
151480 5.629891 -0.745185 0.091369 -0.551287 -0.491058 0.430504 0.519241
151546 5.6308586 -0.7624612 0.0914304 -0.5510328 -0.4876542 0.4257176 0.526613
151612 5.6317154 -0.7841462 0.0921384 -0.5526404 -0.4837522 0.4236874 0.5301524
151678 5.6311844 -0.8100932 0.093547 -0.5571166 -0.4753874 0.4240118 0.5327674
151744 5.6308652 -0.8382668 0.094998 -0.5639742 -0.4668314 0.4238846 0.533219
151810 5.630652 -0.864671 0.095162 -0.568089 -0.463087 0.422435 0.533267
151876 5.6298628 -0.888231 0.0944748 -0.5734676 -0.462706 0.4152656 0.5334712
151942 5.6275886 -0.9092946 0.0941952 -0.5801606 -0.4605782 0.4092216 0.5327464
152008 5.6242356 -0.9274266 0.0934864 -0.5846518 -0.459117 0.4053562 0.5320518
152074 5.6194684 -0.942401 0.0920996 -0.584542 -0.4600388 0.4043836 0.5321178
152140 5.613379 -0.954512 0.090116 -0.583455 -0.461111 0.403527 0.533032
152206 5.6071178 -0.9648694 0.0879116 -0.5811762 -0.4634222 0.4049394 0.5324458
152272 5.602063 -0.9741884 0.0854808 -0.5792646 -0.4680264 0.4054534 0.5301054
152338 5.5996054 -0.984456 0.0838714 -0.5775682 -0.473709 0.4086636 0.5244128
152404 5.5977384 -0.9952564 0.0830874 -0.5762622 -0.4758842 0.411256 0.521847
152470 5.596716 -1.006562 0.083609 -0.575842 -0.475869 0.411296 0.522293
152536 5.5968562 -1.0187818 0.085365 -0.57509 -0.474465 0.4116094 0.524149
152602 5.5975742 -1.0314368 0.0873464 -0.5737688 -0.4717848 0.4123412 0.5274306
152668 5.599606 -1.0446416 0.0891462 -0.5750254 -0.4701734 0.4116722 0.5280232
152734 5.603129 -1.0577592 0.089471 -0.5758112 -0.4710626 0.4107602 0.5270828
152800 5.607388 -1.069304 0.088279 -0.5754 -0.473725 0.408705 0.526744
152866 5.6119844 -1.0787352 0.087379 -0.5748416 -0.47556 0.4082746 0.5260336
152932 5.6167578 -1.0849362 0.0874292 -0.574278 -0.4753128 0.4097662 0.525713
152998 5.6224214 -1.0876344 0.0889088 -0.5719442 -0.4760542 0.4142756 0.5240496
153064 5.6267756 -1.0868418 0.090966 -0.566593 -0.4768028 0.4194512 0.5250634
153130 5.630044 -1.083573 0.092744 -0.561352 -0.47751 0.422747 0.527402
153196 5.6332448 -1.0793398 0.0933 -0.5577828 -0.4783352 0.4249628 0.528659
153262 5.6356318 -1.075274 0.0929222 -0.5548038 -0.475832 0.4279592 0.5316268
153328 5.6381336 -1.0712404 0.0926558 -0.5541542 -0.4735778 0.4293142 0.533223
153394 5.6418032 -1.0675968 0.0925334 -0.5568302 -0.4755704 0.4270932 0.5304378
153460 5.645263 -1.064673 0.092642 -0.558285 -0.477848 0.424887 0.528631
153526 5.6477486 -1.0621576 0.0930832 -0.556193 -0.4770528 0.4249474 0.531498
153592 5.6498616 -1.059991 0.094386 -0.5542292 -0.4752748 0.4259188 0.5343566
153658 5.6519668 -1.0578764 0.096268 -0.5536704 -0.4747644 0.426911 0.5345976
153724 5.6545302 -1.0558384 0.0980552 -0.5535078 -0.475309 0.4276642 0.53368
153790 5.657166 -1.054042 0.099265 -0.552124 -0.475805 0.428706 0.533835
153856 5.6598552 -1.0527136 0.1002322 -0.5504246 -0.4763618 0.4303374 0.5337808
153922 5.6619896 -1.0515606 0.1012256 -0.5502344 -0.4762504 0.4314684 0.5331632
153988 5.6633458 -1.0503538 0.1020562 -0.5507148 -0.4756864 0.4321386 0.5326274
154054 5.6645826 -1.0489208 0.1027176 -0.5519904 -0.4754098 0.4312834 0.5322476
154120 5.665897 -1.04742 0.103528 -0.551972 -0.475122 0.431081 0.532687
154186 5.6673612 -1.0462312 0.1044316 -0.5511122 -0.4745246 0.4308538 0.5342916
154252 5.6687516 -1.0454928 0.1056322 -0.5503506 -0.472977 0.4309214 0.5363894
154318 5.6700726 -1.0452372 0.1074838 -0.5494166 -0.47099 0.4325406 0.5377894
154384 5.6715362 -1.045304 0.1095028 -0.5487134 -0.468804 0.434289 0.5390076
154450 5.673069 -1.045558 0.110923 -0.547704 -0.466807 0.435325 0.540928
154516 5.6745524 -1.0459416 0.1115566 -0.5462246 -0.4655902 0.4362642 0.542713
154582 5.6759076 -1.0463154 0.111971 -0.5460516 -0.4647718 0.4364476 0.5434414
154648 5.677306 -1.0469472 0.1127926 -0.5456608 -0.4638646 0.4375184 0.5437482
154714 5.6788282 -1.0475052 0.1143034 -0.5438006 -0.4619044 0.4391094 0.5459924
154780 5.680128 -1.047795 0.116498 -0.540731 -0.458676 0.441627 0.549719
154846 5.6815412 -1.0479936 0.118948 -0.5387482 -0.455954 0.44369 0.5522638
154912 5.6829034 -1.047963 0.1209956 -0.5375372 -0.4538866 0.4453098 0.5538408
154978 5.6839636 -1.0474806 0.1220964 -0.5365938 -0.452211 0.4463048 0.5553234
155044 5.6849574 -1.046703 0.1226748 -0.5363708 -0.4507398 0.4463236 0.556718
155110 5.6854 -1.045518 0.123424 -0.535854 -0.448553 0.446839 0.558566
155176 5.6857462 -1.044486 0.1245678 -0.5356488 -0.4463378 0.447501 0.5600048
155242 5.6858138 -1.0437434 0.125845 -0.5353386 -0.4436204 0.4485506 0.5616186
155308 5.6859456 -1.0431442 0.126829 -0.5347018 -0.4415236 0.4495038 0.5631144
155374 5.6861388 -1.0427376 0.1276878 -0.5339592 -0.440004 0.4509608 0.5638426
155440 5.686217 -1.042544 0.128119 -0.533594 -0.438897 0.451518 0.564604
155506 5.6860102 -1.0425498 0.1283502 -0.5331494 -0.4381134 0.4518902 0.5653348
155572 5.686129 -1.0429888 0.1285942 -0.5329944 -0.4382692 0.4524688 0.5648968
155638 5.6859632 -1.0435604 0.1288484 -0.5325538 -0.4380604 0.4527828 0.5652232
155704 5.6854718 -1.0439814 0.1294846 -0.5316198 -0.4374742 0.4534082 0.5660544
155770 5.684831 -1.044267 0.130292 -0.530366 -0.437001 0.45412 0.567025
155836 5.6841268 -1.0446664 0.1313164 -0.5304184 -0.4363538 0.454819 0.5669134
155902 5.6831338 -1.0448136 0.1320846 -0.5302142 -0.4354474 0.455736 0.5670654
155968 5.6823326 -1.044734 0.1324314 -0.5302696 -0.4349478 0.4558844 0.5672774
156034 5.6810862 -1.0444972 0.132749 -0.5301382 -0.434458 0.4562232 0.5675034
156100 5.67977 -1.044257 0.133017 -0.530633 -0.434126 0.455974 0.567495
156166 5.6785802 -1.044139 0.1333278 -0.5309312 -0.4334658 0.455967 0.567727
156232 5.6776506 -1.044105 0.1333494 -0.5307114 -0.433339 0.4558316 0.5681374
156298 5.6768976 -1.0442318 0.1331208 -0.5306366 -0.4336066 0.4548614 0.5687798
156364 5.676193 -1.0445544 0.132753 -0.5308784 -0.4343842 0.454138 0.5685402
156430 5.675686 -1.045115 0.132198 -0.531227 -0.435414 0.453835 0.567667
156496 5.675294 -1.0456528 0.1313962 -0.5316922 -0.4363044 0.4530332 0.5671884
156562 5.674921 -1.046241 0.1306166 -0.531186 -0.4366884 0.4532694 0.567178
156628 5.674505 -1.0466742 0.1297126 -0.5314374 -0.4371616 0.452681 0.567049
156694 5.6740816 -1.047034 0.128747 -0.5318812 -0.4375418 0.4521736 0.5667444
156760 5.673453 -1.047259 0.127678 -0.532352 -0.437883 0.451175 0.566835
156826 5.672833 -1.0473398 0.1267832 -0.5327272 -0.4380412 0.450177 0.567153
156892 5.6723752 -1.0474774 0.1261246 -0.53291 -0.4381028 0.4495404 0.5674384
156958 5.6716636 -1.0474998 0.1255918 -0.5328608 -0.437832 0.4489896 0.568129
157024 5.6711422 -1.0477006 0.1251848 -0.5330646 -0.438184 0.4486178 0.5679604
157090 5.670501 -1.04783 0.125107 -0.53323 -0.438061 0.448155 0.568265
157156 5.6700872 -1.048102 0.1254212 -0.5329586 -0.437868 0.4481482 0.5686734
157222 5.6695558 -1.0483702 0.1259876 -0.5321716 -0.437046 0.4486568 0.5696412
157288 5.66926 -1.0486514 0.1265868 -0.531762 -0.436291 0.4492006 0.5701734
157354 5.6691122 -1.0488648 0.126762 -0.5319628 -0.4361638 0.4494716 0.5698704
157420 5.668738 -1.048656 0.126488 -0.533004 -0.436297 0.448537 0.569531
157486 5.6682758 -1.0482402 0.125934 -0.5351464 -0.4365218 0.446853 0.5686728
