100000 9.313438276 3.932532211 0.277051404 -0.317947491 -0.578128321 0.656971742 0.364780985
100066 9.312996178 3.9324564992 0.2779529046 -0.318512395 -0.5762188044 0.6576767388 0.3660369222
100132 9.3123270062 3.9322650026 0.2784804978 -0.320004344 -0.57520129 0.6573282916 0.3669607562
100198 9.3111549584 3.9320996488 0.2788310792 -0.3209711914 -0.5737913776 0.657362294 0.3682604424
100264 9.3097455514 3.9319780418 0.2790069308 -0.3218177628 -0.5728269558 0.656951972 0.3697521996
100330 9.307761134 3.931700362 0.279276654 -0.322685843 -0.572157237 0.656363114 0.37107601
100396 9.304854262 3.930882979 0.2797701702 -0.324130542 -0.5723208076 0.6552392964 0.3715504214
100462 9.300628503 3.9295805366 0.2801498958 -0.3261026402 -0.5734250136 0.6530128756 0.3720416042
100528 9.2949152078 3.9281139344 0.2801479996 -0.3274227886 -0.5743184834 0.6505952368 0.37373573
100594 9.287579657 3.9267066034 0.2799731476 -0.3290581084 -0.5740501244 0.6485443036 0.3762677716
100660 9.278823831 3.925659125 0.280016204 -0.331909495 -0.573088495 0.646863152 0.378118668
100726 9.2686090146 3.92561186 0.2798952254 -0.335721461 -0.5729629488 0.6443917464 0.3791618496
100792 9.2576520428 3.9274818482 0.279445263 -0.339220119 -0.575124509 0.6421350344 0.3765952938
100858 9.244766881 3.9323266226 0.2786978172 -0.340661302 -0.5759710462 0.643032545 0.372446322
100924 9.2295779212 3.9417055594 0.2777593838 -0.3412081922 -0.5762938656 0.6452158354 0.3676393906
100990 9.211723223 3.95544061 0.27728384 -0.340699324 -0.575764652 0.648558598 0.363030002
101056 9.1921930086 3.973125395 0.277235849 -0.3390534584 -0.575490254 0.6524158826 0.3580599496
101122 9.171104582 3.9939839564 0.2768992304 -0.3331565476 -0.5747018628 0.6579412924 0.354735689
101188 9.1471316492 4.0163564888 0.275863932 -0.3250942988 -0.5739018876 0.6615770522 0.3567433854
101254 9.122291185 4.0381271216 0.2750602294 -0.3181660626 -0.5760069542 0.6626752566 0.357557787
101320 9.097894047 4.057818444 0.274971818 -0.312903608 -0.580267502 0.662503109 0.355627036
101386 9.0737607596 4.0745815874 0.275589659 -0.309375845 -0.5838964308 0.6622161986 0.353300392
101452 9.0491773998 4.088305453 0.2766532514 -0.3093177732 -0.5855811276 0.661423872 0.3520450312
101518 9.0239440254 4.0999444408 0.2775017168 -0.3102994358 -0.5856775214 0.6619472876 0.3500312426
101584 8.9978194596 4.1099063284 0.277221118 -0.3118467976 -0.5851122226 0.6628893008 0.3478116876
101650 8.970812561 4.118074549 0.275809733 -0.314437211 -0.584136165 0.66352339 0.345905901
101716 8.9424748916 4.124286155 0.273330512 -0.3157267104 -0.5827196652 0.664317523 0.3455960738
101782 8.9122999262 4.1286572542 0.270378817 -0.3151747616 -0.5816423434 0.6645659592 0.3474321396
101848 8.8801034118 4.1310681714 0.2681380386 -0.3143042418 -0.580279099 0.664266448 0.351054162
101914 8.8465098086 4.132160074 0.2674022458 -0.312384894 -0.5785641468 0.664699084 0.3547594614
101980 8.813456585 4.133310659 0.268313665 -0.312200036 -0.579650222 0.663176765 0.355996258
102046 8.7808390546 4.134933649 0.2708280926 -0.3131329766 -0.5807907784 0.6615057924 0.3564265532
102112 8.74886116 4.13730824 0.2737405528 -0.3140974344 -0.5799701948 0.6617346748 0.3564892316
102178 8.7188593066 4.1409586876 0.2758702824 -0.3168707756 -0.5804085266 0.6613691558 0.3539909866
102244 8.6885349528 4.1459522196 0.2769742318 -0.319939257 -0.5802937412 0.6609577312 0.3521830372
102310 8.657163826 4.153075603 0.276561484 -0.321286048 -0.579919329 0.660894018 0.351692969
102376 8.625664011 4.162879069 0.2745997394 -0.3213396538 -0.5808199476 0.6612190448 0.3495401918
102442 8.5933456334 4.1753015844 0.2714252262 -0.321246545 -0.5823532326 0.6616856452 0.3461754034
102508 8.5594549374 4.1907533134 0.2670887114 -0.3194583482 -0.5841611286 0.6626183796 0.3429853542
102574 8.5237288056 4.209880103 0.2621959876 -0.3149062452 -0.5863121458 0.6637995284 0.3412361026
102640 8.486762254 4.232581071 0.258006787 -0.307871347 -0.588929015 0.665518746 0.339797951
102706 8.4493349044 4.2576329566 0.2558338868 -0.29926443 -0.5931686026 0.667127362 0.3369456716
102772 8.411245047 4.2831145526 0.255812069 -0.294418413 -0.5986020314 0.6659988724 0.3338243134
102838 8.3732907848 4.3081290804 0.2564279128 -0.2919520612 -0.604395584 0.6636377462 0.3302344008
102904 8.3355429938 4.331223932 0.2558210826 -0.289529774 -0.6077188754 0.6627402352 0.3280633916
102970 8.29924046 4.351002059 0.254231205 -0.292380651 -0.610137484 0.660926882 0.324686713
103036 8.2636744116 4.368420718 0.2520545106 -0.299641552 -0.613556095 0.656599291 0.3203759384
103102 8.2278618528 4.3848197518 0.2496606784 -0.304152382 -0.6155000598 0.6541504988 0.3173926662
103168 8.1916268166 4.4003390242 0.2477727802 -0.3050590192 -0.613751616 0.655469856 0.3171862888
103234 8.15526352 4.4147924714 0.246144985 -0.3040554052 -0.6102685836 0.6585379794 0.3185124116
103300 8.119101485 4.428653904 0.244036454 -0.301648724 -0.607627698 0.661648847 0.319401676
103366 8.0822948664 4.4417628002 0.2410946256 -0.2959648444 -0.605162078 0.6662330434 0.3198699764
103432 8.0444012004 4.4532402794 0.2386983992 -0.2895212434 -0.6034777086 0.67092158 0.3191490886
103498 8.0050623886 4.463495635 0.2380009594 -0.2846830906 -0.603102284 0.6733469394 0.3191034154
103564 7.965085945 4.4740659008 0.2393206104 -0.2801124434 -0.604775004 0.6736907776 0.3192566422
103630 7.925583602 4.484289053 0.2424728 -0.275286362 -0.604451726 0.675989165 0.319208677
103696 7.8881508372 4.4931355912 0.2469238932 -0.274920369 -0.6028251646 0.6789807784 0.3162364748
103762 7.852357227 4.5024504164 0.2509154926 -0.2791854332 -0.6045363506 0.6782714418 0.3107072482
103828 7.8162592346 4.5126265628 0.2529194736 -0.281506191 -0.606249621 0.6782063252 0.30537142
103894 7.780508266 4.5239793694 0.2524037736 -0.2818945462 -0.6083598112 0.6785605742 0.2999819896
103960 7.744287561 4.5363671 0.250039147 -0.280749827 -0.609639877 0.679835813 0.295536837
104026 7.7068285014 4.550427883 0.2463766174 -0.2769840324 -0.611198954 0.6813773928 0.29230161
104092 7.6687708944 4.5675293388 0.2419754116 -0.2699869224 -0.6144271006 0.682907388 0.2884849678
104158 7.6298014328 4.5873112562 0.2383203218 -0.2620219214 -0.6167856554 0.6852627698 0.285192161
104224 7.5896323682 4.6080933146 0.2379727218 -0.255375079 -0.6187015328 0.6873017496 0.282149055
104290 7.548596434 4.628886504 0.240796348 -0.251854942 -0.622568467 0.686004257 0.279956696
104356 7.5078904722 4.6492711142 0.244331862 -0.247979268 -0.6258324218 0.684714965 0.279294354
104422 7.4681304694 4.6674914958 0.2467133254 -0.244283869 -0.6257753012 0.6855664956 0.2805872896
104488 7.4303773894 4.682636601 0.2480026568 -0.2459826684 -0.6244561832 0.6864431824 0.2798976082
104554 7.393830819 4.6954317072 0.2480570076 -0.2513206738 -0.6242957782 0.6858030636 0.277067928
104620 7.357368028 4.706554683 0.246514143 -0.255488308 -0.62540675 0.684293953 0.27447023
104686 7.3195468214 4.7159178742 0.2436812042 -0.2573763622 -0.6257186246 0.6831003218 0.2749682636
104752 7.2802342322 4.7237955826 0.2402384924 -0.2570275602 -0.6248377738 0.6833008026 0.2767933224
104818 7.2385478562 4.7298541236 0.2366580792 -0.2553965956 -0.6221032812 0.6849710266 0.2803117196
104884 7.1946591604 4.7342703478 0.2333065888 -0.2543504124 -0.6192403444 0.686292786 0.2843401304
104950 7.148629334 4.737488492 0.230774007 -0.254136721 -0.616073116 0.687020091 0.289606349
105016 7.1016825244 4.7409167034 0.2303246038 -0.2569550036 -0.6173854172 0.6828463904 0.294159033
105082 7.055324869 4.7450540284 0.2316485376 -0.2620681406 -0.6206394118 0.6761718122 0.2981920516
105148 7.01141985 4.7494940636 0.233966117 -0.2670532268 -0.6202057678 0.6737900802 0.300056965
105214 6.9706791128 4.7550637414 0.236176124 -0.2726390122 -0.6198379566 0.67266274 0.2983178896
105280 6.929200909 4.760818543 0.237148529 -0.276052257 -0.616850054 0.674293242 0.297690756
105346 6.8875702684 4.7682761522 0.236101342 -0.277925984 -0.6157958024 0.6757774816 0.2947496652
105412 6.8455778352 4.7780392006 0.2330075438 -0.2787497496 -0.6172811774 0.675782308 0.2908276834
105478 6.8018457278 4.7901943388 0.2288779916 -0.277004403 -0.6183896846 0.676530046 0.2883917602
105544 6.7561021442 4.8055707718 0.2252253872 -0.2725751112 -0.6188080532 0.678420973 0.2872701786
105610 6.70976561 4.823655742 0.22378196 -0.265248664 -0.617949792 0.683124622 0.284819155
105676 6.6634576918 4.8431714028 0.2251272808 -0.2559803578 -0.6195195176 0.6861935482 0.2825023052
105742 6.6169800666 4.8620615074 0.2285623624 -0.2490505086 -0.6244206612 0.684469662 0.2820881786
105808 6.571485532 4.8780653176 0.2322268546 -0.243544166 -0.6269351364 0.6847980144 0.2805177296
105874 6.527798921 4.8915118754 0.2340885646 -0.2445722462 -0.6286597654 0.6837918048 0.2782083256
105940 6.48529767 4.903467668 0.233330179 -0.249702469 -0.63009019 0.681640356 0.275683612
106006 6.4429334572 4.9145566438 0.2298646022 -0.2517967284 -0.6301938278 0.6814047594 0.2741198572
106072 6.4000175874 4.924363607 0.224672937 -0.2518594814 -0.6296809388 0.681619498 0.274706325
106138 6.3560257572 4.932794695 0.2187333248 -0.2525399008 -0.6295686964 0.680762775 0.2764577438
106204 6.3106650418 4.9406977536 0.2128900932 -0.2533301774 -0.6298636946 0.6794035262 0.2783996238
106270 6.264078166 4.947865573 0.208488152 -0.25474825 -0.628470371 0.67869156 0.28196824
106336 6.2174959768 4.9552877 0.206936077 -0.2574789514 -0.6270529898 0.6766990482 0.2873801176
106402 6.1724847196 4.9649236662 0.2089187246 -0.2581304968 -0.626810957 0.6746772272 0.2920397986
106468 6.1303524436 4.9750250288 0.2135208514 -0.2580946598 -0.6247324364 0.6764700978 0.2923776072
106534 6.09228869 4.9854588262 0.2180053034 -0.262083347 -0.6248665316 0.67715185 0.2869130686
106600 6.05495281 4.996510902 0.21998534 -0.266917503 -0.625952782 0.676864884 0.280699287
106666 6.0175074036 5.0096771504 0.2186152894 -0.267522088 -0.6280591346 0.6773919628 0.2740684614
106732 5.9789446406 5.0249840434 0.2145154952 -0.263273572 -0.6284686508 0.6804444232 0.2696466716
106798 5.9383473602 5.0423315226 0.2093481874 -0.2571753952 -0.6263978898 0.685727039 0.2669543926
106864 5.8964151834 5.062414216 0.204612211 -0.2509882866 -0.626708665 0.6891635206 0.2632382508
106930 5.853602112 5.083722118 0.201575882 -0.241993825 -0.627904473 0.692674895 0.259569743
106996 5.8112394462 5.1044249174 0.200894125 -0.2341003848 -0.6310949726 0.6937802324 0.2560948344
107062 5.771787941 5.1235044952 0.201208814 -0.230118217 -0.6392423468 0.6903406162 0.248684827
107128 5.7340299602 5.138682708 0.2007085094 -0.2266719068 -0.6468230582 0.6870397014 0.2412792622
107194 5.6982049776 5.1503449614 0.2000348586 -0.2278961288 -0.654436121 0.6823201448 0.2328414902
107260 5.66276563 5.158963429 0.198400023 -0.230432679 -0.659200141 0.679557656 0.22484961
107326 5.6265686248 5.1659137986 0.1944659636 -0.2303221368 -0.6616052774 0.6786430274 0.2206213062
107392 5.589649114 5.170706828 0.1892477198 -0.2283388534 -0.662355098 0.6790944754 0.2190382014
107458 5.5518548226 5.1725699628 0.1827571454 -0.2239434288 -0.662184576 0.6811271718 0.2177764086
107524 5.5119251014 5.1717152832 0.1744829548 -0.2178852098 -0.661743882 0.6834262212 0.2180583428
107590 5.469015421 5.168641302 0.166505445 -0.211294229 -0.661254791 0.686095565 0.217645872
107656 5.4235725226 5.163290629 0.1617759904 -0.2030252036 -0.6623096896 0.6890719242 0.2128519508
107722 5.3748304602 5.1544687048 0.1616018994 -0.1965615984 -0.6638992392 0.6909412334 0.2078494414
107788 5.3231162628 5.1436185256 0.1648002194 -0.1913897938 -0.66459698 0.6927255844 0.204479584
107854 5.2721986312 5.1332938302 0.1689835148 -0.1854906516 -0.6652791286 0.694269667 0.2024507974
107920 5.223858924 5.123448754 0.173286574 -0.181275393 -0.66318168 0.697107332 0.203397785
107986 5.1786498892 5.1165639274 0.1770903434 -0.1822685324 -0.6631850972 0.6970105802 0.2028296808
108052 5.136431929 5.1115385316 0.1804761142 -0.1873684782 -0.6634189828 0.696764612 0.1982096666
108118 5.0968637928 5.108081862 0.1832009664 -0.191507955 -0.6646687398 0.6967262706 0.1900325964
108184 5.0578311346 5.1057605622 0.1841443522 -0.1917053602 -0.6652477388 0.697667264 0.1842682446
108250 5.017793451 5.104895738 0.183616731 -0.18802169 -0.663845714 0.700568018 0.182102071
108316 4.976528295 5.1064087512 0.1829111626 -0.1842376318 -0.6618579664 0.7044111504 0.1783400648
108382 4.9326290052 5.1111600628 0.1817186982 -0.180925043 -0.6604300044 0.7079212824 0.1730479332
108448 4.8849472604 5.1196681516 0.1790971542 -0.1760412898 -0.6599933828 0.710518825 0.1690592488
108514 4.8346319808 5.130516887 0.1760878552 -0.1692986194 -0.660185375 0.7126748 0.1660948964
108580 4.784235722 5.142393115 0.175303099 -0.163093543 -0.664545786 0.71086295 0.162644586
108646 4.7349796924 5.1541542036 0.177620825 -0.1601252026 -0.6711437942 0.7061975634 0.1587780944
108712 4.6871843746 5.1649083506 0.1806398904 -0.1559478324 -0.673771464 0.7056249482 0.1542905514
108778 4.6413848094 5.1736316998 0.1828387004 -0.1532147336 -0.6729213274 0.7076309862 0.151527205
108844 4.597427371 5.1799785712 0.1843830836 -0.1554707514 -0.6729433104 0.707566489 0.1494179738
108910 4.553765046 5.184605222 0.184882658 -0.157005022 -0.673976627 0.706869907 0.146423577
108976 4.5100584976 5.187587823 0.1836620634 -0.1562665366 -0.6739262372 0.707731759 0.1432475542
109042 4.4665313756 5.188700473 0.1807795716 -0.155295024 -0.6724379732 0.7098758064 0.1406659724
109108 4.422711899 5.187916786 0.1770112552 -0.15346363 -0.6703449102 0.7125240262 0.1392696568
109174 4.3778256144 5.1852096678 0.1736184948 -0.1491254708 -0.6691349274 0.7148958368 0.1376365194
109240 4.331011187 5.180395311 0.17122138 -0.143934826 -0.667985271 0.71686918 0.138481126
109306 4.2822017616 5.1745207502 0.1703818922 -0.141146038 -0.6675291982 0.716934721 0.143132833
109372 4.2330583716 5.1706178984 0.1713443294 -0.1399267678 -0.6695095304 0.7145877848 0.1467711126
109438 4.1853371714 5.1676745442 0.1741797874 -0.1416080188 -0.6687926738 0.7150400996 0.1462227368
109504 4.1398980304 5.166830662 0.1774534514 -0.1463607206 -0.669712874 0.7144699924 0.1399835326
109570 4.094358799 5.166835475 0.178447503 -0.150966682 -0.669354302 0.715006665 0.133937852
109636 4.0479319536 5.16905314 0.1758445188 -0.152198011 -0.6691641434 0.7159978062 0.1280705434
109702 3.9997672616 5.173801446 0.1705832304 -0.1505416966 -0.6702621882 0.716232837 0.1228664732
109768 3.9490113844 5.1816277884 0.164039948 -0.1461410778 -0.672806447 0.7154293876 0.1188902364
109834 3.8959386328 5.191841511 0.1582955096 -0.1392146676 -0.672776765 0.7171223132 0.1171578196
109900 3.842334776 5.203437602 0.156444292 -0.132811301 -0.672578971 0.718866778 0.11501844
109966 3.7896822938 5.2153050782 0.1585750788 -0.1283909586 -0.676655525 0.7162869494 0.1121853576
110032 3.7389569452 5.2259508486 0.161572843 -0.1218261968 -0.6813103774 0.713524936 0.1088873206
110098 3.6910628278 5.2328139812 0.1638799564 -0.1158866518 -0.681744707 0.7143628 0.1071455334
110164 3.6466436452 5.236638873 0.1657230212 -0.115700914 -0.682092888 0.7145525384 0.1038131428
110230 3.603339732 5.238097695 0.165829376 -0.116432206 -0.682014185 0.715038246 0.100102447
110296 3.5601051238 5.2374144368 0.1635747818 -0.1149359724 -0.6812187604 0.7165658322 0.0962499124
110362 3.5163091578 5.233796874 0.159645116 -0.1134579662 -0.679954366 0.7182567792 0.0943213826
110428 3.4713208016 5.2271306222 0.1548406352 -0.1114683426 -0.6782263974 0.7200885894 0.0951636864
110494 3.4252057544 5.2176991422 0.1499961828 -0.10927026 -0.6767978772 0.7212640132 0.0989071584
110560 3.378081763 5.206066183 0.14610977 -0.108734205 -0.675325808 0.721601372 0.106786641
110626 3.3309507418 5.1961311454 0.1447529424 -0.1094565266 -0.679612092 0.7163106202 0.1142153158
110692 3.2846418852 5.1866189248 0.1457096402 -0.110691359 -0.6809492226 0.7137924378 0.1206478358
110758 3.2420883548 5.1798894878 0.1477637946 -0.1124799592 -0.68056481 0.713943185 0.1202700054
110824 3.201536288 5.1749248404 0.1495133166 -0.1163156248 -0.6791367198 0.7150915898 0.117846583
110890 3.160237808 5.17076231 0.150191473 -0.120149667 -0.677229036 0.716935852 0.113700809
110956 3.1178257632 5.1688405542 0.1488978814 -0.1213628928 -0.6775355762 0.7176054922 0.1061067098
111022 3.0737130888 5.1691652894 0.145296403 -0.1186829138 -0.678056589 0.7184690862 0.0997777
111088 3.0283144102 5.1722813376 0.1405569854 -0.1128681214 -0.678135128 0.7200481414 0.0944666298
111154 2.9822395976 5.1774981916 0.1374686242 -0.1054612386 -0.6757621664 0.7240277066 0.089478951
111220 2.935732133 5.184481978 0.137595697 -0.095998577 -0.673977451 0.727724066 0.083404752
111286 2.8887573538 5.1918982988 0.1392974448 -0.0865790412 -0.6763962358 0.7271694328 0.0788421874
111352 2.8429007844 5.1988010816 0.1401389436 -0.0771175386 -0.6810331328 0.7243494636 0.07459338
111418 2.8003515688 5.2032940278 0.1400029668 -0.0690965962 -0.683618069 0.7232495832 0.0692946692
111484 2.7619561306 5.20448667 0.1403397686 -0.0665171272 -0.6853481834 0.72236136 0.063774174
111550 2.726495217 5.20381116 0.140931205 -0.065378376 -0.688556286 0.719952308 0.057311286
111616 2.692057283 5.2007582262 0.1400979532 -0.062561383 -0.688905169 0.7202491536 0.052314152
111682 2.6574767694 5.1948918584 0.1374918134 -0.0599703782 -0.6870735188 0.722337581 0.050615358
111748 2.6218767036 5.1865224312 0.133830008 -0.0582366118 -0.6857620156 0.7237448106 0.0503227748
111814 2.5848712194 5.1755019824 0.1296921666 -0.056591559 -0.6846383606 0.72482058 0.0519879966
111880 2.547058707 5.161788169 0.126172535 -0.055691711 -0.682057382 0.72705695 0.055536948
111946 2.5090058684 5.1476302212 0.1241205922 -0.0548348446 -0.6813411054 0.7274561084 0.0597906924
112012 2.4719449006 5.1340573608 0.1242783286 -0.0555915194 -0.683753604 0.724690197 0.064919735
112078 2.4367339352 5.120845054 0.1268834282 -0.057225938 -0.6839261526 0.724249338 0.0665813442
112144 2.4048269758 5.1110237638 0.130042794 -0.0587559388 -0.6843196676 0.7242648196 0.0607823118
112210 2.374560336 5.103372662 0.131863358 -0.061396502 -0.685462328 0.723433965 0.054910509
112276 2.3432613204 5.0966690962 0.1322420232 -0.0624782576 -0.6848163256 0.7243058792 0.0500385082
112342 2.309922409 5.0919797404 0.1312801184 -0.060763005 -0.6839932968 0.7256545666 0.0434309286
112408 2.274117275 5.0893625104 0.1290513038 -0.0570982622 -0.683509693 0.7268323882 0.0356179618
112474 2.236765269 5.0888553988 0.1257759962 -0.0545232702 -0.6837804662 0.7271941892 0.0256810548
112540 2.197514455 5.090267092 0.121663028 -0.0513286 -0.683743585 0.727728369 0.016477457
112606 2.1568004354 5.0921757204 0.118348292 -0.0446444506 -0.6806537588 0.7311745962 0.0100192524
112672 2.1165353078 5.0928874162 0.1176446166 -0.0393674708 -0.6796215148 0.7324774384 0.0064418766
112738 2.078320442 5.0927649034 0.1191670868 -0.038459139 -0.684519548 0.727972935 0.0029968298
112804 2.041800026 5.0905255378 0.1203402528 -0.036055 -0.687236169 0.7255383706 -0.0006871698
112870 2.007938644 5.084952639 0.12019725 -0.034201835 -0.687399496 0.725471608 -0.001764231
112936 1.9774484286 5.0765692414 0.1194026716 -0.0367437906 -0.6898594964 0.7230100156 -0.0002939502
113002 1.9498066176 5.0652098268 0.1183882042 -0.0394249894 -0.6921059566 0.720717232 0.0012916468
113068 1.924910161 5.0511382708 0.1166508782 -0.0394929726 -0.6927327544 0.720110837 0.001420683
113134 1.9025331068 5.0340048268 0.1143465602 -0.0396212776 -0.6923668924 0.7204563222 0.00095851
113200 1.881631383 5.01326508 0.112018675 -0.0396403 -0.691465805 0.721319136 0.001546388
113266 1.8614075016 4.988707743 0.1100173018 -0.0380614644 -0.688265757 0.724451743 0.0033136794
113332 1.841873459 4.9608727384 0.1087781234 -0.0357113566 -0.6838368552 0.7287377192 0.0057509138
113398 1.8230752548 4.9313684946 0.1084028468 -0.0338633982 -0.6819175076 0.7305940584 0.008604963
113464 1.804657728 4.9008721954 0.108228633 -0.0338814148 -0.6827287468 0.7297782518 0.0125260716
113530 1.787005236 4.870461552 0.108537903 -0.036940669 -0.687887821 0.724661133 0.017662817
113596 1.7705907434 4.8411164804 0.1091691386 -0.0408479896 -0.6905770912 0.721810841 0.0205845844
113662 1.7560201002 4.8143792504 0.1101047134 -0.0442281614 -0.6904494758 0.721796219 0.0182617772
113728 1.7430853326 4.7888847094 0.110839319 -0.047501537 -0.69154119 0.7206312914 0.0143123942
113794 1.7309651194 4.762683376 0.1106665384 -0.0488009462 -0.6924646984 0.719719942 0.0106873886
113860 1.718722183 4.735682932 0.109537913 -0.048169797 -0.69265682 0.719624256 0.00686509
113926 1.705855852 4.7079435714 0.107891704 -0.0467428934 -0.693437491 0.7189901164 0.0035598314
113992 1.6926433134 4.6803536728 0.1061532858 -0.0455349816 -0.6942916804 0.718251648 0.0003768968
114058 1.679589486 4.6530359902 0.1051410932 -0.0441798846 -0.6930270808 0.7195516884 -0.0026247478
114124 1.6671561916 4.625757826 0.105467576 -0.0407273988 -0.6888136706 0.7237887782 -0.0025697736
114190 1.656778669 4.60022969 0.106912305 -0.036657522 -0.689566798 0.723292549 -0.00132141
114256 1.6501373806 4.5759206388 0.108626516 -0.0324741956 -0.692506658 0.7206747554 -0.002768284
114322 1.6471243324 4.5520544046 0.1101221996 -0.0292052892 -0.6933958978 0.7199445326 -0.0053868868
114388 1.6477704654 4.5289933714 0.1118518288 -0.0286992356 -0.6941305438 0.7192299816 -0.0082060692
114454 1.6520416212 4.5068516396 0.1134606302 -0.0283440592 -0.6934164224 0.7198842022 -0.0117001884
114520 1.660295023 4.484506222 0.114040853 -0.027189505 -0.691326438 0.721902866 -0.013591885
114586 1.6729671288 4.4618541496 0.1136823696 -0.0263133702 -0.6911317506 0.7221228774 -0.0135296358
114652 1.690007751 4.4385825794 0.112665775 -0.0269291142 -0.6922762312 0.7210141876 -0.0129214362
114718 1.7115422372 4.414072388 0.1112571746 -0.0298273124 -0.692144088 0.7210488168 -0.0116369696
114784 1.7374843966 4.388231982 0.1098429186 -0.0347683716 -0.6902774778 0.7226597594 -0.0084098724
114850 1.767413282 4.361445203 0.109866326 -0.041074074 -0.687796519 0.724725375 -0.004690364
114916 1.7992445938 4.3345827698 0.1115690542 -0.046232388 -0.6851713726 0.726912814 -0.0005639814
114982 1.8315182764 4.3083460532 0.1144521984 -0.0504605034 -0.6843670336 0.7273870262 0.0018700528
115048 1.8633424612 4.2818980686 0.1177204152 -0.0565664988 -0.6858384172 0.7255475756 0.0025390238
115114 1.8931785894 4.2557365454 0.1193939924 -0.0612366052 -0.687817322 0.7232955458 0.0009041532
115180 1.920424002 4.229764486 0.118380525 -0.061617767 -0.690841109 0.720375669 -0.000841627
115246 1.9455596258 4.202747775 0.115264691 -0.0605270026 -0.6943951878 0.7170435194 0.0005171328
115312 1.9689484746 4.1741292596 0.1110731658 -0.0606638798 -0.695700938 0.7157543474 0.0039717092
115378 1.990466973 4.1445388836 0.1070283072 -0.062292022 -0.6942849306 0.7169683784 0.0066606974
115444 2.0106535146 4.1157159594 0.1042933142 -0.063898813 -0.6921492314 0.7189010844 0.0052523506
115510 2.028613585 4.087667825 0.102636545 -0.064147379 -0.688629155 0.722255907 0.004626547
115576 2.0454614888 4.0609299358 0.1032833776 -0.063291394 -0.68543766 0.7253491714 0.006158723
115642 2.062537995 4.036663986 0.107060643 -0.0642574658 -0.6884679734 0.7223760692 0.0074548986
115708 2.0798883904 4.0148251984 0.1117247038 -0.0637752926 -0.6893581012 0.721589072 0.0052213508
115774 2.0957922616 3.996101149 0.1151665636 -0.0622831134 -0.687820379 0.723192671 0.0040360428
115840 2.110888827 3.981118444 0.117200985 -0.061366821 -0.687703163 0.723379985 0.004457718
115906 2.1263869738 3.9675187762 0.1179879288 -0.0615940666 -0.6864151788 0.7245735726 0.0057871706
115972 2.1428400502 3.9544322754 0.117085904 -0.0628519026 -0.6864349842 0.7244205884 0.0084486426
116038 2.1599637014 3.9405579478 0.1139828084 -0.0658379616 -0.6864702072 0.7240560612 0.01291124
116104 2.177592011 3.925948935 0.108806065 -0.071047037 -0.6881474384 0.7218094726 0.0199002286
116170 2.197172789 3.910919034 0.102383733 -0.07632995 -0.688447333 0.720751404 0.027044816
116236 2.2205555342 3.8955136594 0.0957132698 -0.0831064822 -0.688302278 0.7196593946 0.0377121754
116302 2.2485618326 3.8799104512 0.0886135712 -0.091651672 -0.6872906356 0.718636898 0.0528323216
116368 2.2811185144 3.8658784858 0.0829358248 -0.1024125898 -0.6850196702 0.7181370878 0.0673627302
116434 2.3178654572 3.8547077376 0.0819575658 -0.1139942938 -0.6801271778 0.720250883 0.0752990356
116500 2.355410476 3.846046384 0.083984732 -0.124151507 -0.676048915 0.721725325 0.081589355
116566 2.3908826376 3.840387797 0.0872786018 -0.1327463488 -0.676575209 0.7190426006 0.0871868614
116632 2.4237604158 3.8374665186 0.0914681874 -0.1393686384 -0.6767683674 0.7174227428 0.088687299
116698 2.454610018 3.8365829576 0.0959467938 -0.1415914406 -0.6725822358 0.7211991654 0.086351724
116764 2.4832506036 3.8371682776 0.099033632 -0.1382616626 -0.6696757758 0.724615402 0.0857337186
116830 2.509249832 3.83787886 0.100940968 -0.132495973 -0.667825764 0.727100699 0.088193764
116896 2.5331333892 3.8379873284 0.1021991692 -0.128826921 -0.6659471268 0.7290506026 0.0916685968
116962 2.5552963864 3.8387024764 0.1024015836 -0.1272920292 -0.6647823268 0.7300249058 0.0944712388
117028 2.5766058244 3.8408667722 0.1013991698 -0.1273554298 -0.6653343978 0.7293559748 0.0956587094
117094 2.5980843244 3.8441753418 0.0999063678 -0.128589171 -0.6655588494 0.7288296308 0.096455047
117160 2.619849673 3.848307425 0.098775738 -0.1308086 -0.663724864 0.729663858 0.099745022
117226 2.6416466946 3.8535608166 0.0999160838 -0.1328919886 -0.6577730646 0.7338099788 0.1058145304
117292 2.6643825608 3.8609559424 0.1042208652 -0.1379344514 -0.6536881372 0.7358847202 0.1101787128
117358 2.6891296548 3.8692742162 0.1101491222 -0.1453378232 -0.653617537 0.7346696126 0.10918501
117424 2.714337256 3.8753072736 0.115790944 -0.1524766186 -0.6554336892 0.7315976762 0.1091877622
117490 2.740181863 3.878407472 0.120510525 -0.157499761 -0.658869001 0.727167075 0.110966259
117556 2.7668416232 3.8790868042 0.1235646934 -0.1598564482 -0.66163791 0.7236969804 0.113770325
117622 2.7946914456 3.8773073978 0.1244002926 -0.1598351156 -0.663586667 0.7211609222 0.118457674
117688 2.823901157 3.87224345 0.1236281666 -0.1595969128 -0.6634412848 0.7201195544 0.1257065434
117754 2.8556581548 3.8642712232 0.1225009152 -0.160674577 -0.6639745018 0.7184764198 0.1308164706
117820 2.890328999 3.85383274 0.121904738 -0.164526326 -0.665988098 0.715266809 0.133357911
117886 2.9275288586 3.8410144022 0.1221524306 -0.1698306044 -0.6656908326 0.7141036752 0.1344207048
117952 2.9665571572 3.8262438494 0.1215453986 -0.1761767026 -0.6647805636 0.7125044244 0.1391604922
118018 3.0062256906 3.8088038766 0.1213235676 -0.18373771 -0.6602070996 0.7135913186 0.145444453
118084 3.0463103186 3.7915782922 0.122183468 -0.1916805642 -0.6607992864 0.7106436734 0.1469280338
118150 3.084197741 3.774381555 0.123238035 -0.198159934 -0.664208651 0.705599566 0.147271042
118216 3.119645381 3.7573537292 0.1238281988 -0.2011631854 -0.6676572288 0.7014059402 0.1476371454
118282 3.1535394552 3.7400004246 0.1235769656 -0.2029471884 -0.6703843258 0.698246744 0.1478132546
118348 3.186398209 3.7216356476 0.1226998598 -0.2038011328 -0.6700677292 0.698663947 0.1460924456
118414 3.2178088588 3.7016474334 0.1208414334 -0.204108969 -0.6684623242 0.7001233264 0.146030653
118480 3.247720011 3.680120669 0.118280863 -0.204014322 -0.667966809 0.700156233 0.148255685
118546 3.2775181676 3.6568337348 0.1156350578 -0.2050078688 -0.6691862064 0.698829977 0.1476421378
118612 3.3069086036 3.6316140878 0.1131748846 -0.2069008232 -0.670575189 0.6976124922 0.1444218688
118678 3.3362653284 3.6050931566 0.111718519 -0.2084041174 -0.6721454344 0.6965198852 0.1401721238
118744 3.3666927534 3.5785679144 0.1126472086 -0.2100262336 -0.6740744566 0.6946379586 0.1378065252
118810 3.397871436 3.553758988 0.115406582 -0.209642362 -0.675664272 0.693380322 0.13693648
118876 3.4285080554 3.5311912704 0.1190310984 -0.2065965604 -0.6764147264 0.6933767678 0.1378751694
118942 3.4578700408 3.5099634988 0.1227399856 -0.2052399826 -0.6766167926 0.6927816274 0.14184435
119008 3.4874442762 3.4890075834 0.1257490112 -0.2056939772 -0.6747087866 0.693636238 0.146036526
119074 3.5183921922 3.4686438732 0.1258931344 -0.205877439 -0.6714982262 0.695103545 0.1534123432
119140 3.552965844 3.450672782 0.12410519 -0.2075304 -0.671461524 0.693267551 0.159532623
119206 3.5924106662 3.4353565692 0.1226201152 -0.2111294318 -0.672197831 0.6908128408 0.1623328978
119272 3.6363164828 3.4219123662 0.1222545444 -0.2129002708 -0.6704744502 0.6916838696 0.1634346598
119338 3.6834326806 3.4098335814 0.1231119612 -0.2122405408 -0.6693284188 0.6930196508 0.1633314486
119404 3.7326983012 3.3991763252 0.1254076776 -0.2103892692 -0.6720949718 0.6918624882 0.1592185764
119470 3.781418592 3.388775051 0.12843129 -0.210303184 -0.676782435 0.688659454 0.153252284
119536 3.826818043 3.3774777332 0.1310238076 -0.209829494 -0.6782478532 0.688699467 0.1471196908
119602 3.8688552168 3.3664684394 0.1321932334 -0.2043244564 -0.6785502024 0.691377149 0.140777706
119668 3.9076383084 3.3543383892 0.1321462478 -0.1970388374 -0.6789960986 0.6939765366 0.136148468
119734 3.942518921 3.340003565 0.1317149822 -0.1931648892 -0.6792302932 0.694945971 0.1355859464
119800 3.974134117 3.324355504 0.131357515 -0.190882584 -0.677744419 0.697127165 0.135055755
119866 4.0038832782 3.307876127 0.1308092314 -0.1900072654 -0.6760919652 0.6992391402 0.1336467968
119932 4.0327106338 3.2900455386 0.1297003302 -0.191000253 -0.6748236942 0.7004169926 0.1324684168
119998 4.0608048894 3.2705660684 0.1285493118 -0.1944288308 -0.6729118104 0.701135255 0.1334029974
120064 4.0887531616 3.2506358074 0.1281947564 -0.1968494068 -0.669358414 0.7031556264 0.1370458642
120130 4.117968502 3.230599308 0.130317277 -0.196815902 -0.66810942 0.703310073 0.14229633
120196 4.1491808714 3.2121362916 0.1341641584 -0.1938364198 -0.6747228078 0.6974222946 0.144146464
120262 4.1792975658 3.1933710072 0.138630327 -0.1918223946 -0.6787034712 0.6932453924 0.1482445406
120328 4.2070828108 3.1776161012 0.1428378658 -0.1889834612 -0.6775148456 0.6937673426 0.1547430132
120394 4.2338804556 3.1652274094 0.1475003076 -0.1863922154 -0.671385292 0.699021436 0.1608356856
120460 4.260816143 3.154460216 0.152151387 -0.185973306 -0.663227993 0.705578158 0.166439244
120526 4.288706089 3.1441438838 0.1556447596 -0.1873862474 -0.655711947 0.710606623 0.173106567
120592 4.3190971488 3.1345134692 0.157313576 -0.1910189998 -0.6519560006 0.71129613 0.1803403516
120658 4.3532710714 3.1259430636 0.157060121 -0.1966155818 -0.6505523912 0.709168167 0.1876272456
120724 4.3920451984 3.1196998988 0.1555895028 -0.2030191602 -0.64948031 0.706552863 0.1942708152
120790 4.434824257 3.115107159 0.154610465 -0.209792252 -0.646250904 0.705856017 0.200285455
120856 4.4802795022 3.1115340262 0.15503006 -0.2144070418 -0.6440452488 0.7049034246 0.2057822026
120922 4.5265726096 3.1093451738 0.1566393742 -0.2165935298 -0.64577241 0.7015320994 0.2095658442
120988 4.5713234662 3.1075340962 0.1589760628 -0.2181692948 -0.6477743076 0.6988508826 0.2107083788
121054 4.613015687 3.104508353 0.1616092872 -0.219692109 -0.6470288858 0.699636392 0.2088007832
121120 4.651548404 3.100038238 0.163512777 -0.216813716 -0.646580475 0.702294125 0.204226502
121186 4.6869747682 3.093685049 0.163645651 -0.211599119 -0.6493168216 0.7028329002 0.1990955666
121252 4.7196306452 3.0848493024 0.1618136666 -0.2086264 -0.652722083 0.7018609768 0.1944736226
121318 4.7499359104 3.0736354756 0.1580618536 -0.208676377 -0.6550484032 0.7006259278 0.1910209566
121384 4.777920493 3.0601192066 0.1530195172 -0.210521538 -0.656833625 0.6983007348 0.1913797908
121450 4.80391651 3.044490261 0.147729432 -0.212834722 -0.657639528 0.695657837 0.195631811
121516 4.8295486178 3.0272703292 0.1433193978 -0.2156509212 -0.6569477888 0.6939137058 0.2009919576
121582 4.8563321908 3.008995746 0.140585888 -0.2203136692 -0.654790229 0.693370309 0.2048149876
121648 4.8856896516 2.989751879 0.1404716718 -0.2245088892 -0.6546656344 0.6918195268 0.2058988544
121714 4.9188798434 2.9712649564 0.1436258104 -0.2240029352 -0.660842747 0.6870304862 0.2027265626
121780 4.952733887 2.952709934 0.149308678 -0.222248386 -0.665386032 0.68351534 0.201677624
121846 4.9844610402 2.9360580172 0.1549509944 -0.2210059618 -0.6648281042 0.683503275 0.2048975616
121912 5.0148546254 2.92141729 0.1596212478 -0.2229785026 -0.6612911802 0.6848566758 0.2096322192
121978 5.0453061746 2.9067198178 0.1627144776 -0.2270498754 -0.655345273 0.6881279872 0.213191145
122044 5.0762655812 2.890590266 0.1630023152 -0.2325325204 -0.6495466186 0.6895750024 0.2202352706
122110 5.110739912 2.874303003 0.161405863 -0.239159632 -0.647038953 0.687842932 0.225865811
122176 5.1489462794 2.858070988 0.1587404234 -0.246338218 -0.6450525278 0.6855202368 0.23083849
122242 5.189105669 2.8414858018 0.156448814 -0.2518615566 -0.6415248386 0.6850182162 0.2361386678
122308 5.2296020084 2.8246153218 0.1558269898 -0.257784879 -0.6400968962 0.6829442738 0.2396035248
122374 5.267770387 2.807989622 0.1568305022 -0.2640060824 -0.6393548802 0.680637877 0.2413667384
122440 5.30296594 2.792892437 0.15820644 -0.27142472 -0.640312581 0.676730865 0.241585921
122506 5.3358794948 2.7794366394 0.157608783 -0.27716322 -0.6419251282 0.6727515256 0.2419046642
122572 5.3668362542 2.7659471626 0.1547571794 -0.2815350298 -0.6407446748 0.671071881 0.2446357544
122638 5.3969500006 2.7523590972 0.1510826682 -0.2870978448 -0.638582808 0.6702771342 0.2459984756
122704 5.4248800714 2.7385560308 0.1467350354 -0.2912733928 -0.6346386148 0.6711105138 0.2490062018
122770 5.450908072 2.725330478 0.142951424 -0.293716642 -0.630585945 0.672401672 0.252918746
122836 5.4744006408 2.7120435582 0.1397748772 -0.2973187964 -0.6280089054 0.670503284 0.2600600638
122902 5.496985423 2.6990260972 0.1373277938 -0.3008325964 -0.6281623988 0.6661512202 0.2667469686
122968 5.5195671212 2.6839266826 0.1365930544 -0.3072882912 -0.6310297044 0.6585193448 0.2715272862
123034 5.542446859 2.6645662396 0.1375691974 -0.3162197318 -0.633228257 0.650294231 0.275941514
123100 5.565276906 2.64013016 0.139446077 -0.322528973 -0.63060897 0.646812111 0.282739247
123166 5.5885749828 2.6111450746 0.1419151838 -0.324474309 -0.6240322348 0.6484388444 0.2912496842
123232 5.6128956552 2.577821899 0.1451125852 -0.324333006 -0.6153938734 0.6534488754 0.2985004846
123298 5.6371302792 2.5409269424 0.1486246924 -0.3254334708 -0.6061931572 0.6583948784 0.3051860658
123364 5.6606373262 2.5028453532 0.151549955 -0.3285207362 -0.5999631096 0.659374585 0.3119987738
123430 5.683076351 2.465213176 0.153250572 -0.333198447 -0.5988306 0.656110567 0.316069031
123496 5.7030182924 2.4284896108 0.1539597078 -0.3397161814 -0.5983750702 0.6517048872 0.3190933006
123562 5.7208731014 2.3944827028 0.1531290092 -0.3444834968 -0.600213884 0.6468172048 0.3204712176
123628 5.736475252 2.3626385274 0.150885956 -0.3459649066 -0.6028813808 0.644117685 0.319303395
123694 5.7496704438 2.3313816962 0.1472405902 -0.348758704 -0.6067398916 0.6397852228 0.3176610656
123760 5.760713743 2.300090762 0.142504996 -0.352134415 -0.610568286 0.634803287 0.316595181
123826 5.7697612912 2.2686922898 0.1375157162 -0.3535953792 -0.6126956024 0.6319255202 0.3166141012
123892 5.7771049466 2.2363449602 0.1335051014 -0.3555990228 -0.6118935006 0.631175481 0.3174163546
123958 5.7826132468 2.202562931 0.1308002012 -0.359100577 -0.6081560724 0.6321953582 0.3186248886
124024 5.7871637984 2.1673613374 0.1285366164 -0.3645015652 -0.6053412356 0.6315954334 0.319041743
124090 5.791825859 2.130837767 0.127271781 -0.369275094 -0.603755099 0.630939731 0.317853333
124156 5.7979451222 2.0933742822 0.1279928238 -0.3747130612 -0.6050399518 0.6275932296 0.3156631218
124222 5.8068155932 2.0554339498 0.1311099766 -0.377158078 -0.6077077718 0.6256463222 0.3114638212
124288 5.8167793352 2.0176284208 0.1351919912 -0.373909378 -0.605666418 0.6292868668 0.3120220522
124354 5.828079733 1.9823322102 0.139652732 -0.3678426326 -0.6025991186 0.6341541496 0.3153003344
124420 5.840490511 1.948717317 0.144074697 -0.364861029 -0.601344753 0.635347039 0.318739796
124486 5.8538040114 1.9158855486 0.1471460036 -0.3632899644 -0.599648375 0.6355796488 0.323234418
124552 5.8692064616 1.8832344956 0.1481902714 -0.3629422546 -0.5977772388 0.6337006958 0.3306938406
124618 5.8885164172 1.849830012 0.147968213 -0.3656526578 -0.5950021984 0.6303945246 0.3389289986
124684 5.9121321104 1.815989978 0.1467736276 -0.3688512342 -0.5910699076 0.627701409 0.3472400218
124750 5.939554111 1.782394408 0.145330173 -0.372247715 -0.588430616 0.624296657 0.354167662
124816 5.9694228318 1.7482377196 0.145737328 -0.375531273 -0.587491774 0.6215800346 0.3570263634
124882 5.999924114 1.7137881742 0.1477370942 -0.3797401286 -0.589299632 0.6173152452 0.356994513
124948 6.0282525064 1.6802905958 0.1499796686 -0.3840653378 -0.5901804406 0.6133350978 0.3577720854
125014 6.0535638924 1.6489131738 0.1510988572 -0.3851775938 -0.5886672146 0.6132184314 0.3592662922
125080 6.076595688 1.620251438 0.15045396 -0.385422904 -0.588042879 0.613735787 0.35914223
125146 6.09611869 1.5934841144 0.1483848778 -0.3887217222 -0.5870565712 0.6129538974 0.3585348704
125212 6.111047168 1.5673906538 0.145476168 -0.3960952982 -0.5845483382 0.6093956878 0.3606221828
125278 6.1230815808 1.5419701074 0.142054166 -0.4019308806 -0.5821134324 0.6059594212 0.3638797968
125344 6.133585426 1.516145061 0.1386028654 -0.405006945 -0.5790782018 0.6043322132 0.3679948396
125410 6.143774973 1.488964725 0.136156394 -0.409378513 -0.575399816 0.603220027 0.370742343
125476 6.1539893092 1.4606229468 0.135492643 -0.411902212 -0.5702256794 0.6050382964 0.3729715292
125542 6.164830262 1.432140707 0.136926918 -0.4139731106 -0.5679261832 0.6046742684 0.3747734166
125608 6.177950475 1.4041077948 0.1402187732 -0.4153108302 -0.5711005876 0.6016255014 0.373373426
125674 6.1909398616 1.37589671 0.1448210348 -0.4139616152 -0.571253166 0.6012343238 0.3752636176
125740 6.204449723 1.349891331 0.149305908 -0.411373512 -0.56980511 0.601615725 0.379674188
125806 6.2193226134 1.3260194406 0.1527687296 -0.4105290956 -0.5680356242 0.601339436 0.3836564032
125872 6.2362011042 1.30263195 0.1543235996 -0.4106041096 -0.567246292 0.6003342224 0.3863090432
125938 6.2543604572 1.2782533438 0.1538003596 -0.4120480904 -0.5670699162 0.5971356306 0.3899704534
126004 6.2744921408 1.252189499 0.152142192 -0.4152171946 -0.5656660576 0.5935973822 0.394028617
126070 6.297341994 1.224887273 0.150957039 -0.419599927 -0.562812565 0.591581175 0.396496699
126136 6.3202623904 1.1971893526 0.1508067774 -0.4241768852 -0.558002854 0.5902374092 0.4004076004
126202 6.3429377796 1.1699816088 0.1513619082 -0.4297677794 -0.5553924688 0.5867418792 0.4032030054
126268 6.3644784596 1.1439146242 0.1520032558 -0.4328008164 -0.5529834056 0.5842609644 0.4068559918
126334 6.3848170582 1.1206515648 0.1527621998 -0.4360562072 -0.5505878494 0.581364425 0.410759237
126400 6.403780527 1.101821574 0.153935716 -0.439403227 -0.549101877 0.578638974 0.413024056
126466 6.4213380268 1.0878321846 0.1552366456 -0.4406968128 -0.5487651438 0.5779095322 0.4131146298
126532 6.4379433706 1.0776997518 0.156561122 -0.4411803052 -0.5477388 0.5798478516 0.411240241
126598 6.4530865674 1.071118009 0.1576074728 -0.4404957532 -0.5447774676 0.584149595 0.4098171902
126664 6.4667860636 1.0686784382 0.157854626 -0.4393674608 -0.5418752026 0.5880364072 0.4093172426
126730 6.479874926 1.070854661 0.157111188 -0.438821833 -0.541591238 0.589471058 0.408213428
126796 6.49267044 1.07726766 0.155877632 -0.438845917 -0.5440195002 0.5884105888 0.4064848364
126862 6.504984805 1.086966352 0.1547646446 -0.4389807658 -0.5472817304 0.5873248614 0.4035195272
126928 6.5176744892 1.0994100748 0.1536069094 -0.4372440834 -0.5507900228 0.5877457982 0.4000033582
126994 6.53102842 1.1142461054 0.1521448148 -0.4309472598 -0.5539561288 0.5909617292 0.3977195482
127060 6.545218345 1.131031397 0.150670621 -0.424588749 -0.560084264 0.591974869 0.394456292
127126 6.5595300088 1.1486569696 0.1497829766 -0.4200752668 -0.568466692 0.5903341136 0.3897274606
127192 6.5734420092 1.1659223622 0.1496198674 -0.4157342634 -0.5745338992 0.589911651 0.386108678
127258 6.5867663582 1.1825412178 0.149674363 -0.4111175702 -0.5771214704 0.5911517202 0.3852956056
127324 6.5995022294 1.1984249722 0.1496793626 -0.4087504704 -0.5790476584 0.5906620878 0.3856749168
127390 6.610432989 1.212806902 0.149864133 -0.40968956 -0.578234878 0.590064974 0.386810311
127456 6.6206960368 1.2260308118 0.1495993756 -0.4135990896 -0.5770228334 0.588393566 0.3870055712
127522 6.6313375712 1.2388435888 0.1484877646 -0.4180431378 -0.5763946302 0.5856447196 0.38733617
127588 6.642315355 1.2513942526 0.1468746136 -0.4211880604 -0.5740587522 0.5836418522 0.3904090812
127654 6.6548929076 1.2640806684 0.1454639854 -0.4237751552 -0.5719911842 0.5810611608 0.394472332
127720 6.668815555 1.2768179 0.144497276 -0.42538206 -0.569600464 0.579042646 0.399142868
127786 6.6840606966 1.2902409348 0.1438869444 -0.4273052278 -0.5677380982 0.5764545686 0.4034645122
127852 6.6995431222 1.3047570368 0.1436328376 -0.4299573316 -0.5670038108 0.5726197872 0.4071238482
127918 6.7135893232 1.320463768 0.1435476244 -0.4325521952 -0.5661180176 0.568674215 0.411118567
127984 6.726281642 1.337457637 0.1437648546 -0.4363534054 -0.5659812392 0.5635401672 0.414346448
128050 6.737512002 1.356293136 0.143931689 -0.440155996 -0.567507188 0.556377167 0.417902786
128116 6.7469647364 1.3769210452 0.1445400336 -0.4429057112 -0.5685368122 0.550091037 0.4219004774
128182 6.7544016676 1.3981823874 0.1460759004 -0.444082587 -0.5668982528 0.5482296916 0.425277772
128248 6.7601587712 1.4191549304 0.1485125838 -0.4443961336 -0.5636702976 0.5508125448 0.4259029358
128314 6.7635764696 1.4401897706 0.1510785312 -0.4444707674 -0.5602211626 0.5547301514 0.4252908354
128380 6.764331266 1.462008558 0.15352928 -0.443848535 -0.557523432 0.559339022 0.423445344
128446 6.7630487934 1.485917845 0.1545859072 -0.4418142994 -0.556735847 0.5639145662 0.4205300634
128512 6.7606837334 1.5127359574 0.1536108508 -0.4387494642 -0.5587666566 0.5671135364 0.41672615
128578 6.7583426062 1.5429228648 0.1515679426 -0.4329225308 -0.563242161 0.571189125 0.4111919884
128644 6.7563612932 1.575860484 0.1492632174 -0.4243807854 -0.5688227092 0.5764227722 0.4050646148
128710 6.755442407 1.610544175 0.147274763 -0.415621746 -0.575855547 0.580923609 0.397714363
128776 6.7561257018 1.6450659086 0.1457597294 -0.4105219806 -0.5853148802 0.5807108824 0.38942494
128842 6.7589049056 1.6782680138 0.1448907918 -0.407771096 -0.5958954996 0.577268128 0.3813034004
128908 6.7636307716 1.709521436 0.1445440912 -0.4030698784 -0.6031670282 0.5759795126 0.3767911986
128974 6.7701684312 1.7378653762 0.1451248764 -0.4002389858 -0.6053996068 0.5763742142 0.3756232326
129040 6.777956983 1.762190594 0.147396371 -0.401980493 -0.603866027 0.578622864 0.372764117
129106 6.787563254 1.783235214 0.150396156 -0.4054285564 -0.602063091 0.581342171 0.3676801664
129172 6.7999861374 1.8017426942 0.1530039542 -0.4071461334 -0.601193658 0.5846540734 0.3619083552
129238 6.8152016098 1.8186254938 0.154309622 -0.4055885974 -0.599765502 0.589208553 0.3586256988
129304 6.8335650962 1.8346711102 0.1545849018 -0.4029410642 -0.5970312582 0.5941209068 0.358067581
129370 6.855246759 1.850394051 0.154231976 -0.401883922 -0.594268304 0.596767826 0.359447713
129436 6.8791826778 1.8663482842 0.1533730668 -0.3995942606 -0.5911957064 0.599375581 0.3627131828
129502 6.9058240344 1.8833393412 0.1525939498 -0.3958263778 -0.5923220446 0.6008151986 0.362625114
129568 6.9328577878 1.9009746932 0.1522535278 -0.390056321 -0.5966514072 0.6023004516 0.3593008484
129634 6.95706856 1.9182108228 0.153387124 -0.3881487368 -0.6002390838 0.6019383878 0.3559825934
129700 6.978487216 1.935644376 0.155934345 -0.391201469 -0.603670605 0.598312534 0.352938128
129766 6.9973539492 1.9545313406 0.158869633 -0.3922138028 -0.6060257378 0.595960446 0.3517559716
129832 7.0136348446 1.9749014536 0.1619263394 -0.3899706284 -0.605280446 0.5972226428 0.3533886228
129898 7.0287079852 1.996482649 0.1654274316 -0.3885746256 -0.6033434236 0.600014302 0.3535099436
129964 7.042752629 2.019966087 0.1682598964 -0.3870034244 -0.6024294772 0.6027693354 0.3521024062
130030 7.055489433 2.045929271 0.169543659 -0.384969552 -0.602325587 0.605549601 0.349731343
130096 7.068025405 2.0746730002 0.1692616194 -0.3833072688 -0.6038076612 0.6074792984 0.3456306552
130162 7.0806529272 2.1059551098 0.1680970838 -0.380742512 -0.605814276 0.6094818816 0.3414027868
130228 7.0931075928 2.1389699644 0.1664435258 -0.3748472188 -0.6070321638 0.6133113818 0.3388959112
130294 7.1066943106 2.172659982 0.1650689852 -0.368444964 -0.6119790866 0.614006771 0.3357456368
130360 7.120103657 2.204320304 0.164335198 -0.36280711 -0.618000998 0.612126231 0.334286173
130426 7.1344372236 2.2325982966 0.1650602708 -0.3602656172 -0.62417244 0.6087296672 0.3317608888
130492 7.1500301252 2.257462884 0.1672874766 -0.3591396314 -0.628649586 0.6069539054 0.327757968
130558 7.1656405856 2.278543117 0.170064077 -0.3563783444 -0.6286913678 0.610191156 0.3246664142
130624 7.1807437182 2.2964041456 0.172195298 -0.355008682 -0.6261380476 0.6138381032 0.324226262
130690 7.19605765 2.312012964 0.173438271 -0.356287039 -0.623649115 0.615352731 0.324749662
130756 7.2126637976 2.3258538098 0.1740451434 -0.3582897768 -0.6225920644 0.6158249952 0.323677474
130822 7.2310368832 2.3381452976 0.173967814 -0.3599185892 -0.6229121292 0.6152187136 0.3224050326
130888 7.2518590526 2.3489990822 0.1733699894 -0.3610858162 -0.6229341192 0.614662232 0.3221186934
130954 7.2757757 2.359265502 0.1719748646 -0.360875024 -0.6229903382 0.6142232452 0.3230820946
131020 7.302084042 2.369400784 0.170355203 -0.360599094 -0.623082193 0.613513763 0.324557756
131086 7.3294154412 2.3799338464 0.1691740876 -0.360975636 -0.6247624368 0.6117214972 0.3242919346
131152 7.3557060916 2.3910841968 0.1674033972 -0.3605271628 -0.627094904 0.6093813718 0.3246942614
131218 7.381162641 2.4035650012 0.1651562852 -0.3618481688 -0.632672965 0.6035203606 0.32334758
131284 7.4041646088 2.4175562726 0.162985515 -0.361798785 -0.6384988828 0.5980462174 0.3221200382
131350 7.424445676 2.432547106 0.162360015 -0.361531539 -0.641592298 0.595512952 0.320965096
131416 7.4425820176 2.4480284492 0.1639381278 -0.3621544826 -0.6410686814 0.5969297126 0.3186689464
131482 7.4593474864 2.4644691032 0.1661998062 -0.3615701592 -0.6387959058 0.601037533 0.3161654026
131548 7.4754126766 2.4828281694 0.1675096552 -0.3594134506 -0.637476392 0.6051581738 0.3134155536
131614 7.4913770046 2.503817424 0.1671154906 -0.3563843154 -0.6386696884 0.6073631338 0.310163015
131680 7.507294337 2.527581779 0.16610718 -0.353084445 -0.64055152 0.609122875 0.306585141
131746 7.52332041 2.5542236984 0.165480185 -0.3471658256 -0.6414404796 0.6132983988 0.3031411522
131812 7.5396865928 2.5830788818 0.1649410792 -0.3396385632 -0.6439381478 0.6161533384 0.3005730006
131878 7.5560456526 2.6108346426 0.1650213166 -0.3347095666 -0.6484584174 0.6154700774 0.2977711266
131944 7.5721698228 2.6353608906 0.166026612 -0.3336629002 -0.6524492408 0.6132681716 0.294755882
132010 7.589241025 2.65700329 0.168129261 -0.335211627 -0.65532273 0.61142093 0.290430253
132076 7.6073799996 2.6757224556 0.1705569778 -0.3356845072 -0.655576913 0.612793677 0.2863888604
132142 7.6260435032 2.69159839 0.1721231654 -0.3342239648 -0.6538953448 0.6159803296 0.2851024956
132208 7.6458560784 2.7051975454 0.172684314 -0.3341499128 -0.6535690344 0.6160788128 0.2857240726
132274 7.6669984648 2.7169518208 0.1726458436 -0.334736283 -0.6537961438 0.6151815834 0.2864503962
132340 7.689892747 2.727344872 0.172031767 -0.335072554 -0.653525054 0.614559527 0.2880069
132406 7.7155221404 2.7367542532 0.1707839358 -0.3347860118 -0.6528793344 0.614336086 0.2902723538
132472 7.7443149662 2.7457732926 0.1691769978 -0.334247659 -0.6525124986 0.613889661 0.2926523458
132538 7.7748890022 2.7549792608 0.1676834902 -0.335190528 -0.6529129112 0.6124550642 0.293684831
132604 7.8057619834 2.764800815 0.1663609102 -0.3364640628 -0.6556942128 0.6097472576 0.2916593438
132670 7.834470089 2.775537902 0.165136795 -0.337743126 -0.658787245 0.606137404 0.290734234
132736 7.860798547 2.7875102388 0.1652927514 -0.340840288 -0.6622537944 0.6009870418 0.2899345534
132802 7.8844153782 2.8015865188 0.1666813864 -0.3417826604 -0.6650217204 0.5970939264 0.2905331906
132868 7.9055253846 2.817224761 0.1692738988 -0.3401675512 -0.663570399 0.598341759 0.2931677308
132934 7.9256911468 2.833963728 0.1727838836 -0.3379556924 -0.6587595938 0.6044436376 0.2940565828
133000 7.945735467 2.852602823 0.17586469 -0.336143596 -0.655656214 0.610080381 0.291417812
133066 7.9655017868 2.8735219 0.1775576932 -0.3338947472 -0.6547485022 0.6143368818 0.28706921
133132 7.9845496802 2.8969436662 0.177765134 -0.3317298228 -0.6544355348 0.617343238 0.2838250948
133198 8.0033357386 2.9235627562 0.1770409588 -0.3280525044 -0.6549144344 0.6201224968 0.2809209592
133264 8.0216867286 2.9527099546 0.1757876336 -0.3234662356 -0.6553918664 0.6231706358 0.2783690574
133330 8.039770356 2.982725246 0.174811437 -0.321898392 -0.658651619 0.621192819 0.276909644
133396 8.056545248 3.0106592138 0.1748119018 -0.3208000166 -0.6607782216 0.6188487842 0.278362422
133462 8.073514217 3.036236638 0.1763519258 -0.32127916 -0.6617319082 0.6169488814 0.279758103
133528 8.0917142566 3.0598547556 0.1792912622 -0.3232396076 -0.6630191482 0.6147186878 0.2793612118
133594 8.1099212206 3.0807984732 0.1824881698 -0.3232318232 -0.660825235 0.6164611222 0.2807251854
133660 8.127908716 3.099673893 0.185390326 -0.322567675 -0.655891588 0.620024626 0.285176758
133726 8.1458268516 3.1167043098 0.188328007 -0.3257521102 -0.6504751368 0.621386202 0.2909405018
133792 8.1639852068 3.13286631 0.1904343886 -0.3307914822 -0.644519072 0.6218985612 0.297344782
133858 8.18361433 3.149360653 0.1906839208 -0.3355867732 -0.638792962 0.6216922884 0.3046692774
133924 8.2062869646 3.166194661 0.1895931918 -0.339681835 -0.63400292 0.6205141842 0.312439076
133990 8.231804833 3.182618149 0.188239276 -0.341769386 -0.628563412 0.62097137 0.320150406
134056 8.2599365554 3.1990731032 0.1879007814 -0.344667215 -0.6258257134 0.6200414632 0.3241839016
134122 8.2888082526 3.2154801338 0.1889550946 -0.3466496836 -0.6249710518 0.6199196556 0.323951836
134188 8.316280375 3.231667973 0.1907800184 -0.3471885442 -0.6257277744 0.6198252022 0.3220893332
134254 8.3413180442 3.2477535044 0.1926572064 -0.347808145 -0.6290329256 0.6169885524 0.3204248624
134320 8.362471857 3.26311869 0.194731365 -0.348115716 -0.63140726 0.614245607 0.320690901
134386 8.3802672602 3.277956541 0.1970803272 -0.3482960632 -0.6313898692 0.6139826912 0.3210326002
134452 8.395114445 3.2931767204 0.19886005 -0.348405368 -0.6301471232 0.6145554594 0.3222574608
134518 8.4076837952 3.3096541606 0.199664072 -0.3481479536 -0.6290978954 0.6146995042 0.324304399
134584 8.4189693458 3.3283193948 0.1996928246 -0.348688901 -0.6292831504 0.6136166962 0.325412507
134650 8.429535737 3.349627543 0.199266261 -0.349767952 -0.629369256 0.613002047 0.325246384
134716 8.4398085826 3.3739462508 0.1979645158 -0.3515118334 -0.6288530794 0.6129051524 0.3245465696
134782 8.4508976714 3.4015183112 0.1960598936 -0.3529720338 -0.6283478928 0.6135792514 0.32266102
134848 8.4633431776 3.4319514166 0.1937233862 -0.3519080314 -0.628134192 0.6158591848 0.3198837034
134914 8.4771901938 3.464160514 0.19147323 -0.350871632 -0.6313000002 0.6150132194 0.3163983418
134980 8.49091027 3.495134297 0.190123186 -0.350148923 -0.635511759 0.612640685 0.31335591
135046 8.5047274212 3.5230190804 0.189652504 -0.3498521244 -0.6385431304 0.6113488992 0.310029944
135112 8.5196462522 3.5480951696 0.1891016424 -0.3494455104 -0.6422871156 0.6095201278 0.306333369
135178 8.5358176716 3.5699132908 0.1889167142 -0.3480230266 -0.6465931686 0.6080332576 0.3018156432
135244 8.5522552178 3.5878128214 0.1895237476 -0.3471711548 -0.6490616582 0.6072153772 0.2991330846
135310 8.568446486 3.602542246 0.190884063 -0.34559396 -0.648620705 0.60855788 0.299187739
135376 8.5843809912 3.6152957282 0.1924046142 -0.3436680536 -0.6461825804 0.6112242552 0.3012392296
135442 8.6003892538 3.6267348752 0.1932278286 -0.3429799262 -0.6429655104 0.6132171524 0.30483562
135508 8.6174070752 3.637427565 0.1928675778 -0.343102767 -0.6405721006 0.6136619266 0.308815217
135574 8.635475245 3.6478665574 0.191217589 -0.3447291804 -0.6393766814 0.6119815538 0.3127902066
135640 8.654305244 3.658241329 0.188905119 -0.345630419 -0.639620512 0.609215216 0.316673388
135706 8.6727167208 3.6684212522 0.1873282644 -0.3458282496 -0.6414291694 0.6054460674 0.3200100412
135772 8.6895646232 3.6779295454 0.1873917924 -0.344312997 -0.6427962302 0.6039932782 0.321642111
135838 8.7055654956 3.6877010046 0.1888781604 -0.3420575448 -0.645944481 0.6027118072 0.320141756
135904 8.7188809826 3.6981924222 0.1907421214 -0.3391156676 -0.6486340798 0.6016758828 0.319781882
135970 8.728566659 3.709797885 0.192753266 -0.336109964 -0.649275738 0.602289521 0.320497178
136036 8.7346538306 3.722765369 0.1946428024 -0.3336355088 -0.6488216652 0.6039616894 0.3208551456
136102 8.7380461154 3.7372872886 0.1959085298 -0.331869161 -0.6489258688 0.6052115296 0.3201203908
136168 8.7387388282 3.7535270678 0.1961010148 -0.3301592714 -0.6489670246 0.6065180456 0.3193313288
136234 8.7367526308 3.77212201 0.19540022 -0.3285475694 -0.6490920468 0.6076935532 0.3185035604
136300 8.732355705 3.793887537 0.194452382 -0.326316435 -0.649625481 0.609327213 0.316582795
136366 8.7263206654 3.8190906088 0.1937036934 -0.322551596 -0.6502763972 0.6123045394 0.313343252
136432 8.7194212594 3.84700467 0.193552151 -0.3180441628 -0.651618768 0.616016796 0.3078374466
136498 8.7118218198 3.8759437976 0.1939926752 -0.3137666634 -0.653267726 0.6197425204 0.3011821672
136564 8.7036992894 3.9043365754 0.1945950542 -0.3089603258 -0.6555949154 0.6224027612 0.2955560112
136630 8.694535604 3.930912379 0.194806933 -0.302777691 -0.658148062 0.623795147 0.293336687
136696 8.6854950212 3.9550593628 0.1953282164 -0.2973864414 -0.661598792 0.6234200948 0.2918827928
136762 8.6764761282 3.9754784024 0.196227273 -0.2942741856 -0.6634650654 0.6227427042 0.2922470194
136828 8.667419884 3.991697302 0.1978998174 -0.2960474212 -0.6619248482 0.6222103936 0.2950686614
136894 8.658393747 4.0042766144 0.2004787846 -0.30100837 -0.6574370924 0.6224683686 0.2995047108
136960 8.649343452 4.014118629 0.203535897 -0.306190023 -0.651223843 0.623082394 0.306469423
137026 8.6412227002 4.021521852 0.2072587362 -0.3118108874 -0.6435323006 0.6249050668 0.3132620342
137092 8.6349027454 4.027477296 0.2111369614 -0.3184923972 -0.6381874428 0.6248427422 0.3175700278
137158 8.6298920416 4.0324699826 0.2141138818 -0.3221007792 -0.6351449532 0.6243089032 0.3210611896
137224 8.6265926326 4.0366732158 0.2167267174 -0.325857202 -0.6331465252 0.623508063 0.3227694158
137290 8.624448638 4.039934674 0.219406241 -0.32982422 -0.629321343 0.624742081 0.323833234
137356 8.6235007652 4.0432123792 0.2217289036 -0.331660499 -0.625896604 0.6269196552 0.3243862058
137422 8.6231038096 4.0462877674 0.2235675282 -0.3328708312 -0.6225870084 0.629164757 0.3251677326
137488 8.6223275256 4.0492224812 0.2249630744 -0.3342139684 -0.619155893 0.6306703864 0.3274168358
137554 8.6211729676 4.0522183644 0.2260823442 -0.3359185152 -0.6167531718 0.6307326174 0.330076621
137620 8.619824045 4.055048053 0.227302687 -0.338105458 -0.61460382 0.630550213 0.33219463
137686 8.6185338844 4.0573634026 0.2284512038 -0.3402629222 -0.6119850052 0.631232001 0.3335290112
137752 8.6177962812 4.0594807956 0.2293243124 -0.3423565668 -0.6102829806 0.631514825 0.333969563
137818 8.617085788 4.0611876994 0.2298101658 -0.3434696218 -0.608913602 0.6318758988 0.3346426234
137884 8.616615289 4.0625114996 0.2300589334 -0.3444767582 -0.6082789804 0.6320685778 0.3343975902
137950 8.616368074 4.06329312 0.230133796 -0.345565699 -0.607867078 0.632110845 0.333942873
138016 8.6163968186 4.0637820406 0.2298467902 -0.345639342 -0.6073249984 0.6322163068 0.3346525448
138082 8.6166797502 4.0643265226 0.2294114774 -0.3451205898 -0.6066393926 0.6323312148 0.336210704
138148 8.6168248952 4.0646894554 0.2287124256 -0.3447572478 -0.6058401024 0.6322249148 0.3382186498
138214 8.6176780958 4.065211947 0.2282368806 -0.345361043 -0.60640727 0.6313470374 0.3382260884
138280 8.618671405 4.065932594 0.227914347 -0.346029216 -0.606550081 0.630771203 0.338361448
138346 8.6200623544 4.0668332856 0.2278242386 -0.3463726842 -0.6061646248 0.6307292018 0.3387787996
138412 8.6217840592 4.0680291382 0.2276838702 -0.3467146012 -0.6058163482 0.6302890346 0.3398694844
138478 8.6234681496 4.0693987656 0.227785866 -0.3459368674 -0.6047703616 0.6310511204 0.3411084298
138544 8.625272661 4.0708311696 0.2281215182 -0.3452463968 -0.6042471076 0.631197287 0.3424621644
138610 8.627309915 4.071984824 0.228625754 -0.345403499 -0.604069287 0.630504943 0.343889862
138676 8.6293708478 4.0727243036 0.2292991046 -0.3451012354 -0.6033103632 0.631028404 0.3445647788
138742 8.6310890306 4.0733121062 0.229553783 -0.3454034298 -0.6031293902 0.630712194 0.345157264
138808 8.632454667 4.0736494302 0.2297712162 -0.345903832 -0.6035173322 0.6301262732 0.345048177
138874 8.6331922028 4.0737270248 0.2301195128 -0.3462788078 -0.6041445246 0.6295914692 0.3445503604
138940 8.633589364 4.073683165 0.230271494 -0.346487439 -0.605188216 0.628668421 0.344194268
139006 8.6340283178 4.0735938498 0.2300188306 -0.3461926704 -0.606082493 0.6281490686 0.3438653642
139072 8.6344124472 4.0732425584 0.22996283 -0.34546804 -0.6061850146 0.6286323512 0.3435300884
139138 8.6346145276 4.0726528398 0.2303201234 -0.344746185 -0.6057694938 0.6295907354 0.3432329932
139204 8.634785135 4.0719395532 0.2305717716 -0.3440195996 -0.6057140816 0.6302283588 0.3428894526
139270 8.63489946 4.071235247 0.230821801 -0.343467822 -0.606028548 0.630722096 0.34197791
139336 8.6348514078 4.0706817558 0.2308861674 -0.342923383 -0.6064263228 0.6311405682 0.3410458114
139402 8.6347052622 4.070185636 0.2306305162 -0.3424410626 -0.6067350642 0.6314421426 0.3404225294
139468 8.6343058334 4.0696112122 0.2300759252 -0.3422039128 -0.6068839174 0.631617468 0.3400702356
139534 8.6334977462 4.0687988684 0.2291046848 -0.3430080562 -0.6072000776 0.6309895624 0.3398612972
139600 8.632002488 4.067627531 0.228063953 -0.344230637 -0.607262618 0.630121039 0.340124767
139666 8.6301419096 4.0663158554 0.2268718936 -0.3457021764 -0.6078186752 0.6286992572 0.3402700244
139732 8.628056214 4.0652444088 0.2252736422 -0.3475409376 -0.6079489102 0.6276684136 0.340067294
139798 8.6262774778 4.0645610356 0.2231462538 -0.348896084 -0.607970195 0.6265967982 0.34061739
139864 8.624172812 4.0638764228 0.221148655 -0.349632591 -0.6083208758 0.6249750306 0.3422118044
139930 8.622147498 4.06316627 0.219856135 -0.35029931 -0.609662611 0.622662205 0.343356481
139996 8.6205966358 4.0625576612 0.2193486086 -0.3510842354 -0.6109536338 0.620676686 0.343854558
140062 8.6195016484 4.0620211474 0.2197294212 -0.3515149732 -0.6105596192 0.6206451832 0.344171075
140128 8.6187898866 4.0617390088 0.220677925 -0.3512549462 -0.6094218698 0.6213108858 0.3452502192
140194 8.6186331104 4.0617655304 0.2218715688 -0.350630496 -0.6084790782 0.6219287 0.346433464
140260 8.61889698 4.061889303 0.223115266 -0.349598545 -0.607439304 0.622959798 0.34744703
140326 8.619426207 4.0621537278 0.224396974 -0.3488134256 -0.6063473296 0.6235787254 0.3490295832
140392 8.6202085528 4.0625526938 0.2259688694 -0.3477563424 -0.6044208518 0.625140552 0.350628276
140458 8.6210299768 4.0630449702 0.2279826256 -0.3464218314 -0.6018886778 0.6275889676 0.3519289374
140524 8.6217929054 4.0636356758 0.229912543 -0.3460021204 -0.5996769454 0.629424696 0.352837904
140590 8.622453053 4.064174142 0.231486762 -0.346389021 -0.598084718 0.63078169 0.352737545
140656 8.6229431136 4.064906478 0.2320805206 -0.347108776 -0.5978331272 0.6307829176 0.3524541952
140722 8.623317793 4.0657619904 0.2321280478 -0.347209728 -0.5972226444 0.6310056596 0.3529905922
140788 8.6236798412 4.0666188472 0.2323825706 -0.346508371 -0.5954544524 0.6324788042 0.3540289072
140854 8.6240018012 4.0678313398 0.2331927592 -0.3456463272 -0.5928289984 0.6343706416 0.3558879158
140920 8.624574412 4.069229612 0.234322817 -0.345078844 -0.589814164 0.636936154 0.356864371
140986 8.6249562444 4.070749636 0.2354263194 -0.345359363 -0.5870219096 0.639295342 0.356978421
141052 8.6251758914 4.0723476998 0.23615903 -0.3461272462 -0.5855496316 0.6406573814 0.3562101516
141118 8.6252218804 4.0738982596 0.2363368708 -0.3465348582 -0.584778822 0.6411310808 0.356227809
141184 8.6251461362 4.0753971462 0.2363895012 -0.3453992378 -0.5834094164 0.6427338624 0.3566875056
141250 8.625216501 4.076901085 0.23637388 -0.343417376 -0.581609267 0.644712766 0.357967339
141316 8.6253090606 4.0779245096 0.2364448612 -0.3426570176 -0.5798707708 0.646264716 0.3587171076
141382 8.6254045164 4.0785006646 0.2368357436 -0.3429007514 -0.5790045452 0.6476330616 0.357413234
141448 8.6250560834 4.0789306052 0.2372766152 -0.3436029886 -0.57919268 0.647742501 0.356233733
141514 8.624538529 4.0791981656 0.2377425474 -0.3431169982 -0.579052615 0.6482669508 0.3559757712
141580 8.623955572 4.07924812 0.238312568 -0.34208396 -0.577896036 0.649352867 0.35686915
141646 8.6232524202 4.0791383774 0.2390081616 -0.3411547576 -0.5764486612 0.6505847058 0.3578545796
141712 8.6225459494 4.0788450272 0.240069924 -0.3405637894 -0.57540204 0.6520424198 0.357448563
141778 8.621689851 4.078369294 0.2409970476 -0.3406806806 -0.5748994042 0.6528488904 0.356673056
141844 8.620896287 4.0776246636 0.2412667074 -0.340997281 -0.574977615 0.652787746 0.3563562136
141910 8.620218634 4.076733139 0.241204429 -0.340524877 -0.574883903 0.653334687 0.355956589
141976 8.6196682018 4.076306192 0.2409466904 -0.3387663254 -0.5740631254 0.654593832 0.3566451388
142042 8.6195237454 4.0759424014 0.2408110414 -0.3370952316 -0.5730186934 0.6558919704 0.3575221658
142108 8.619557488 4.0753894416 0.2407936104 -0.3372156978 -0.5731853546 0.655625771 0.3576296408
142174 8.6196245616 4.074939572 0.2407538666 -0.3386473374 -0.5745503278 0.6542251184 0.356650192
