117028 3.595656 4.6862426 0.1915782 -0.2325846 -0.6305784 0.695204 0.2548858
117094 3.5820322 4.7232062 0.1930104 -0.2380604 -0.6284082 0.6943728 0.257442
117160 3.56756 4.756217 0.193777 -0.243376 -0.62702 0.692902 0.259811
117226 3.5523668 4.785996 0.1925694 -0.2431916 -0.6264832 0.692376 0.262663
117292 3.537449 4.8122278 0.1902334 -0.2404512 -0.6263262 0.6932508 0.2632532
117358 3.5239382 4.8362908 0.1866282 -0.235918 -0.6285056 0.6945242 0.2587642
117424 3.5090364 4.8584482 0.181783 -0.2301664 -0.6309376 0.6957136 0.254802
117490 3.49252 4.879332 0.177839 -0.223739 -0.634408 0.696498 0.249716
117556 3.4752258 4.8994564 0.1757788 -0.2162626 -0.636584 0.6980278 0.2464704
117622 3.458477 4.9187516 0.1773902 -0.2111158 -0.6374452 0.7000028 0.243083
117688 3.4439112 4.9373162 0.180507 -0.2065282 -0.637504 0.7032624 0.2373942
117754 3.4317982 4.9557264 0.183711 -0.2025 -0.636775 0.7083624 0.2274496
117820 3.420955 4.974273 0.186563 -0.202167 -0.63769 0.712103 0.213048
117886 3.4085994 4.9925938 0.1876354 -0.2003798 -0.6396668 0.7140438 0.2020284
117952 3.3962984 5.0122162 0.1864818 -0.196931 -0.643419 0.713419 0.195608
118018 3.3847928 5.0340868 0.1852502 -0.1929754 -0.6476402 0.7118576 0.1912604
118084 3.3726648 5.0581068 0.1848154 -0.1891844 -0.6497514 0.7115366 0.1890728
118150 3.359507 5.085906 0.184014 -0.183958 -0.648928 0.713751 0.188711
118216 3.3458464 5.118251 0.182392 -0.1787934 -0.6468016 0.7170322 0.188534
118282 3.333964 5.1546252 0.1799834 -0.1733418 -0.6478968 0.7179632 0.1863086
118348 3.3231488 5.193291 0.1766548 -0.1667708 -0.6504364 0.7172552 0.1861848
118414 3.31141 5.2321938 0.1753478 -0.164443 -0.6545294 0.7142182 0.1855848
118480 3.299215 5.27077 0.176982 -0.166404 -0.660545 0.709835 0.179232
118546 3.2862184 5.3077082 0.1777696 -0.1654074 -0.6629836 0.7087188 0.1755302
118612 3.2722008 5.3413222 0.177731 -0.1629406 -0.660416 0.711966 0.1743744
118678 3.2574236 5.3705088 0.1785604 -0.163981 -0.6570712 0.7156964 0.1707206
118744 3.2413624 5.3958278 0.1793432 -0.1654376 -0.6567494 0.716735 0.1661362
118810 3.223251 5.418054 0.178205 -0.164074 -0.657798 0.716564 0.164066
118876 3.202826 5.4373266 0.175146 -0.1628162 -0.6573908 0.717208 0.1641362
118942 3.1809278 5.4535104 0.170911 -0.1622972 -0.6544416 0.7199556 0.1644062
119008 3.158673 5.4672292 0.1652978 -0.1621828 -0.6527216 0.7212054 0.1658728
119074 3.136198 5.4801558 0.159286 -0.1626182 -0.6563352 0.716762 0.1703856
119140 3.114756 5.492534 0.155542 -0.164212 -0.661139 0.710908 0.174753
119206 3.0956104 5.503564 0.1561642 -0.1648176 -0.6599994 0.7116534 0.1754568
119272 3.080289 5.515211 0.1593418 -0.1660636 -0.6561146 0.7159004 0.1715316
119338 3.0665026 5.5274324 0.1615552 -0.1682206 -0.6538538 0.7181326 0.1687074
119404 3.0531268 5.5411064 0.1609292 -0.1694948 -0.6548996 0.7173636 0.1666338
119470 3.040483 5.557031 0.158527 -0.170903 -0.657729 0.714861 0.1648
119536 3.0284474 5.5750636 0.1561736 -0.1736456 -0.6592238 0.7129578 0.164202
119602 3.0170316 5.5960206 0.154713 -0.1782986 -0.6576546 0.7132168 0.1643822
119668 3.00681 5.6218338 0.1534106 -0.1818174 -0.6540058 0.7152134 0.1664008
119734 2.9981464 5.653148 0.1518956 -0.1827132 -0.6507092 0.7167594 0.1716084
119800 2.991603 5.689716 0.150861 -0.18297 -0.649616 0.716536 0.176343
119866 2.9873602 5.730761 0.1502468 -0.1829888 -0.648623 0.7166126 0.1796386
119932 2.984623 5.7740748 0.151261 -0.1827534 -0.6468662 0.7177782 0.1815476
119998 2.9814816 5.816131 0.1551672 -0.184326 -0.6450974 0.718722 0.1825148
120064 2.9783006 5.8552478 0.1606784 -0.1857358 -0.6459188 0.7183196 0.1797446
120130 2.974605 5.88936 0.165102 -0.183982 -0.647483 0.717866 0.17772
120196 2.9697738 5.91772 0.167923 -0.1817774 -0.648767 0.7173004 0.1775904
120262 2.963936 5.941577 0.1692712 -0.179149 -0.651219 0.7159494 0.1767342
120328 2.956411 5.9610202 0.1694622 -0.1735674 -0.6525706 0.7165316 0.1749516
120394 2.9478968 5.9764444 0.1691148 -0.1671856 -0.6528492 0.7187716 0.1708914
120460 2.938339 5.987861 0.167606 -0.161993 -0.65139 0.721797 0.168698
120526 2.9270404 5.996559 0.1656116 -0.1569792 -0.65047 0.723777 0.168503
120592 2.9164812 6.0068414 0.1623886 -0.1508498 -0.657832 0.7186392 0.16751
120658 2.906723 6.0170248 0.159607 -0.147151 -0.662922 0.7149122 0.1666796
120724 2.8980428 6.0258576 0.1599524 -0.1465724 -0.6623322 0.7172608 0.1592756
120790 2.889069 6.03438 0.161235 -0.146707 -0.663064 0.718192 0.151735
120856 2.8797432 6.0448644 0.1605198 -0.145088 -0.6662484 0.7164434 0.1475528
120922 2.8704072 6.0577064 0.1582614 -0.1412888 -0.668019 0.7160868 0.1449394
120988 2.8613736 6.0728712 0.1561568 -0.139402 -0.6685918 0.71657 0.1416998
121054 2.851611 6.0908144 0.1545232 -0.1399966 -0.6678202 0.7174836 0.1401224
121120 2.841073 6.113258 0.15273 -0.14048 -0.666921 0.718285 0.139816
121186 2.8302788 6.1409022 0.1505832 -0.140006 -0.6662878 0.7189578 0.1398522
121252 2.8199432 6.1735916 0.1490078 -0.138395 -0.6653758 0.7204034 0.1383524
121318 2.8105088 6.21057 0.1485056 -0.1354936 -0.662866 0.7238068 0.1354728
121384 2.8020312 6.2504678 0.1489574 -0.1329048 -0.6604754 0.7270944 0.1320674
121450 2.79324 6.290956 0.150576 -0.132273 -0.658864 0.729098 0.129687
121516 2.783972 6.3311066 0.1531318 -0.1343438 -0.661661 0.7266218 0.1271868
121582 2.7738446 6.3702294 0.1544434 -0.1351676 -0.6670208 0.721642 0.1266694
121648 2.7627638 6.40782 0.1545242 -0.1337564 -0.6719322 0.7172206 0.1273194
121714 2.7513314 6.4422194 0.1552442 -0.1324064 -0.6724014 0.717131 0.1267608
121780 2.739782 6.47175 0.157528 -0.131079 -0.668051 0.721798 0.124634
121846 2.7283128 6.496576 0.1607844 -0.1308254 -0.664885 0.7252124 0.1219844
121912 2.7167762 6.5178646 0.1631072 -0.1285756 -0.6636208 0.72729 0.1188496
121978 2.7043492 6.535895 0.1634496 -0.1236368 -0.6616982 0.7302928 0.1163698
122044 2.6905214 6.5516964 0.1611976 -0.119809 -0.6619178 0.7312904 0.1128018
122110 2.674824 6.565989 0.156082 -0.115961 -0.665383 0.729421 0.108456
122176 2.6571706 6.5777378 0.1497604 -0.1118352 -0.667721 0.7283518 0.105569
122242 2.6377148 6.5873982 0.1434076 -0.1090932 -0.6696632 0.72694 0.1058696
122308 2.617185 6.597045 0.1390712 -0.1069112 -0.6742126 0.722861 0.1071426
122374 2.5955478 6.6042264 0.1393574 -0.1078058 -0.6745082 0.7221416 0.1092122
122440 2.575024 6.610206 0.142745 -0.107893 -0.67067 0.725767 0.108733
122506 2.5576416 6.6158482 0.1470726 -0.1083302 -0.666187 0.7302762 0.1056194
122572 2.5419868 6.6204326 0.1513378 -0.1080902 -0.6619854 0.7345272 0.1027704
122638 2.5270028 6.62423 0.1553878 -0.1087396 -0.6604432 0.736062 0.1010126
122704 2.5120742 6.6287026 0.1586692 -0.108498 -0.659641 0.736943 0.1000818
122770 2.497303 6.634168 0.161156 -0.106665 -0.656542 0.740015 0.099762
122836 2.4825694 6.6411906 0.1629552 -0.1053276 -0.65465 0.7420172 0.0987414
122902 2.4664444 6.6495992 0.1630786 -0.1053708 -0.6564772 0.7406032 0.0971682
122968 2.4479664 6.658537 0.1613278 -0.1066242 -0.6599704 0.7375224 0.0955528
123034 2.427951 6.6684818 0.1585072 -0.1063796 -0.6616816 0.7363242 0.0932104
123100 2.407813 6.679862 0.156138 -0.103725 -0.66077 0.737987 0.089438
123166 2.3879826 6.6909836 0.154691 -0.0995726 -0.6581682 0.741212 0.0866268
123232 2.3685366 6.7008 0.15415 -0.095579 -0.6556694 0.7441314 0.0850352
123298 2.3497044 6.7092652 0.1543656 -0.089947 -0.6556046 0.7452548 0.0817754
123364 2.331267 6.7152602 0.154462 -0.0840104 -0.6578854 0.7443824 0.0776102
123430 2.313102 6.717489 0.154053 -0.081952 -0.659429 0.743764 0.072474
123496 2.2949572 6.7161058 0.15311 -0.0843162 -0.6608504 0.7427608 0.0668846
123562 2.2758606 6.7108992 0.151126 -0.086216 -0.6609174 0.7427982 0.0632936
123628 2.256047 6.701714 0.148629 -0.0868848 -0.6595764 0.7439182 0.0632138
123694 2.2363804 6.6886156 0.1468488 -0.0872976 -0.6569372 0.7460042 0.0654954
123760 2.216692 6.67157 0.145489 -0.087668 -0.653017 0.749014 0.06972
123826 2.1969174 6.6518844 0.144434 -0.0878992 -0.650995 0.7502432 0.0749328
123892 2.1781122 6.6308966 0.1439038 -0.0869646 -0.6502712 0.750597 0.0786682
123958 2.1602182 6.6094834 0.1439046 -0.086699 -0.649976 0.7503444 0.0836486
124024 2.1430922 6.5895776 0.144662 -0.0851346 -0.6485652 0.75113 0.088992
124090 2.127785 6.572086 0.146958 -0.084042 -0.646126 0.753258 0.089786
124156 2.1139674 6.5561874 0.1499482 -0.0841774 -0.645219 0.7544092 0.0864486
124222 2.100515 6.5398006 0.15189 -0.0862434 -0.6462762 0.7537962 0.0817326
124288 2.0865404 6.5229328 0.1517472 -0.0893048 -0.6496032 0.7510424 0.077299
124354 2.0716648 6.5062748 0.1500924 -0.0905584 -0.651985 0.749188 0.0737016
124420 2.055663 6.489901 0.148565 -0.090272 -0.651175 0.750209 0.070772
124486 2.03792 6.4736808 0.1477602 -0.0892792 -0.648848 0.7525536 0.068481
124552 2.0179704 6.4574234 0.1474956 -0.0886608 -0.6472718 0.7541512 0.0665904
124618 1.9955522 6.440995 0.1470912 -0.0885346 -0.6463008 0.7551706 0.064611
124684 1.9701732 6.4242722 0.1462428 -0.089069 -0.6454322 0.7559568 0.0633586
124750 1.942001 6.407951 0.144953 -0.089627 -0.646695 0.754853 0.062845
124816 1.9117898 6.3922476 0.1435892 -0.0899364 -0.6483612 0.7533574 0.06318
124882 1.8814184 6.377744 0.1426712 -0.0903076 -0.6509968 0.750968 0.063995
124948 1.8526342 6.3640426 0.1419492 -0.0903644 -0.654209 0.7479878 0.066022
125014 1.825803 6.3502572 0.1415498 -0.090088 -0.654251 0.7477958 0.0681292
125080 1.801616 6.336192 0.142119 -0.093634 -0.653465 0.748115 0.067388
125146 1.7796118 6.321245 0.1422726 -0.1013954 -0.6553502 0.7456264 0.0653848
125212 1.7583344 6.304355 0.140412 -0.1063378 -0.6566968 0.7437532 0.0653616
125278 1.738018 6.286077 0.137128 -0.1089904 -0.6576476 0.742419 0.0665984
125344 1.7191914 6.2661744 0.134223 -0.1115772 -0.6581248 0.7415908 0.0668204
125410 1.701622 6.243783 0.131956 -0.113942 -0.657054 0.742151 0.067156
125476 1.6849232 6.219068 0.1304076 -0.1147938 -0.6563988 0.742616 0.0669696
125542 1.6688008 6.191629 0.1295966 -0.1159568 -0.6556812 0.7431304 0.0662826
125608 1.6529694 6.1616216 0.1292888 -0.1176138 -0.6539612 0.7443192 0.0670194
125674 1.6374482 6.1300208 0.12989 -0.1173706 -0.6517154 0.746006 0.0704686
125740 1.623042 6.098114 0.131439 -0.114913 -0.649046 0.748142 0.076277
125806 1.6109042 6.0685534 0.1336062 -0.1106934 -0.6468138 0.750387 0.0793618
125872 1.6003916 6.0423038 0.1355944 -0.1044226 -0.6463318 0.7518348 0.0780736
125938 1.5911212 6.0189976 0.137366 -0.099677 -0.6496062 0.7499806 0.0748692
126004 1.5812172 5.996425 0.1389316 -0.096692 -0.6508618 0.7496618 0.070968
126070 1.569659 5.974138 0.139519 -0.094776 -0.649571 0.751415 0.066711
126136 1.5568744 5.952732 0.1388082 -0.0917588 -0.6494176 0.7523026 0.0622696
126202 1.543218 5.9311512 0.136983 -0.0881096 -0.6505872 0.7520584 0.058151
126268 1.5283782 5.9088466 0.1339618 -0.0838128 -0.6512204 0.7523216 0.0538482
126334 1.5123042 5.8865748 0.1304106 -0.0782732 -0.6508864 0.7535942 0.04812
126400 1.49444 5.864046 0.127368 -0.072022 -0.649615 0.755605 0.043287
126466 1.47436 5.841076 0.1264158 -0.0652182 -0.6485476 0.7573352 0.0396906
126532 1.4528948 5.8179668 0.1282028 -0.0585004 -0.6494514 0.7572842 0.0361996
126598 1.4321476 5.795311 0.1300902 -0.05459 -0.652216 0.7554084 0.031483
126664 1.4124736 5.773197 0.1292542 -0.0514286 -0.6557098 0.7527536 0.0275844
126730 1.394657 5.751233 0.127078 -0.049569 -0.659996 0.749276 0.023087
126796 1.3791636 5.7278964 0.1249264 -0.052232 -0.6655212 0.7443078 0.0189568
126862 1.3643996 5.7030444 0.1215058 -0.0534392 -0.6697342 0.7404832 0.0168722
126928 1.3496836 5.6768914 0.1167478 -0.0510826 -0.6718962 0.7387066 0.0160782
126994 1.3355054 5.648761 0.1121806 -0.0490166 -0.673286 0.7375932 0.0154846
127060 1.32197 5.618104 0.108585 -0.048184 -0.674499 0.736536 0.015637
127126 1.3092588 5.5849604 0.1060372 -0.0468872 -0.6736832 0.7373552 0.0161294
127192 1.2976474 5.5499194 0.104485 -0.044126 -0.6691248 0.7416322 0.017509
127258 1.2877796 5.5151908 0.104865 -0.0394962 -0.6645778 0.7459334 0.0189678
127324 1.2795492 5.4823372 0.107778 -0.0335846 -0.662631 0.74793 0.0198138
127390 1.272168 5.450413 0.112494 -0.030656 -0.661209 0.749319 0.019606
127456 1.2646104 5.4192938 0.1172646 -0.0310218 -0.6574522 0.7526636 0.0170754
127522 1.256274 5.3901962 0.1199934 -0.0311618 -0.6562698 0.7537558 0.0138184
127588 1.2469834 5.3616266 0.1207164 -0.0307518 -0.658545 0.7518294 0.011223
127654 1.23622 5.3314452 0.12025 -0.0303338 -0.6597386 0.7508366 0.0083056
127720 1.223953 5.300009 0.119034 -0.029889 -0.659787 0.750849 0.003686
127786 1.2102308 5.2675232 0.1174556 -0.0290536 -0.658277 0.7522148 -0.0008038
127852 1.1952068 5.234608 0.115406 -0.0269904 -0.6556062 0.754605 -0.0047472
127918 1.1790954 5.2018558 0.1133168 -0.0236632 -0.6527882 0.757124 -0.0083808
127984 1.1623776 5.1695654 0.1123352 -0.0197682 -0.651618 0.7582116 -0.0108576
128050 1.146232 5.138264 0.113092 -0.01623 -0.653186 0.756925 -0.012254
128116 1.1318292 5.1087426 0.1138954 0.0113614 0.6574066 -0.7533188 0.014078
128182 1.1200834 5.079911 0.1133824 0.0050144 0.6591202 -0.7518696 0.0150888
128248 1.1118164 5.0518394 0.1123462 0.0027216 0.6613814 -0.7498414 0.0174558
128314 1.1059888 5.0236768 0.1106636 0.0037264 0.665838 -0.7458232 0.01985
128380 1.101963 4.995314 0.108351 0.004352 0.669387 -0.742583 0.021721
128446 1.1004376 4.9664734 0.1059444 0.0060184 0.6704246 -0.7416356 0.0217124
128512 1.1024132 4.9373212 0.1037326 0.0089908 0.6692226 -0.7427414 0.0198666
128578 1.1083044 4.9085708 0.101676 0.0111884 0.6684684 -0.7434444 0.0177358
128644 1.1183264 4.879742 0.1000214 0.011229 0.66688 -0.7449076 0.016041
128710 1.132739 4.850311 0.099672 0.009682 0.664132 -0.747384 0.015893
128776 1.1509218 4.8202096 0.1009712 0.0086614 0.6621684 -0.7491262 0.0163712
128842 1.1716308 4.7902256 0.1031948 0.008627 0.6612912 -0.7498808 0.0172588
128908 1.1934012 4.7611592 0.105323 0.0110322 0.6613066 -0.749825 0.0177158
128974 1.2145406 4.733849 0.1066448 0.014803 0.6609494 -0.750073 0.017806
129040 1.234255 4.708951 0.107122 0.016988 0.66081 -0.750113 0.019263
129106 1.2531224 4.6860256 0.106978 0.0176046 0.6630952 -0.7480314 0.0210604
129172 1.2714954 4.6634784 0.1062544 0.0174512 0.6653646 -0.7460052 0.021492
129238 1.2899764 4.6407906 0.1053342 0.0170898 0.6657508 -0.7456564 0.0218906
129304 1.309203 4.6177282 0.104445 0.0173062 0.665246 -0.7460742 0.022841
129370 1.329237 4.593838 0.102936 0.019635 0.664963 -0.746303 0.0217
129436 1.349768 4.5693764 0.1004 -0.0232428 -0.665148 0.7461198 -0.0185244
129502 1.370691 4.5448804 0.097232 -0.0252716 -0.6656372 0.7456466 -0.0173288
129568 1.3926312 4.5203836 0.094598 -0.0235378 -0.6660276 0.745288 -0.0199538
129634 1.4165594 4.4963588 0.0939794 0.0210632 0.668664 -0.7428678 0.0243288
129700 1.442687 4.474035 0.096335 0.019274 0.671675 -0.740011 0.029408
129766 1.4700092 4.4536788 0.10046 0.0165154 0.6711172 -0.740365 0.0344744
129832 1.496681 4.4355012 0.1039904 0.0125412 0.670006 -0.7414034 0.0354376
129898 1.5228628 4.4196612 0.1068246 0.009851 0.6706228 -0.7408748 0.0356756
129964 1.549672 4.4048596 0.1087726 0.0091392 0.6707422 -0.740797 0.0352388
130030 1.578027 4.390044 0.109039 0.008701 0.668711 -0.742781 0.032038
130096 1.6088188 4.375914 0.1078722 0.0081302 0.668075 -0.7435652 0.0268252
130162 1.643405 4.3627378 0.1069602 0.009425 0.6687918 -0.7430666 0.0219088
130228 1.6817826 4.3507258 0.1071898 0.0123456 0.6669174 -0.7447806 0.0192716
130294 1.7228144 4.3399724 0.1086482 0.0171478 0.664604 -0.7467954 0.0174284
130360 1.764516 4.329687 0.111178 -0.021895 -0.662102 0.748917 -0.016259
130426 1.8052138 4.320056 0.1140932 -0.0267756 -0.6629196 0.7480526 -0.015423
130492 1.8436326 4.3106826 0.1165002 -0.0331386 -0.6676464 0.743606 -0.0141302
130558 1.8782076 4.2999602 0.117486 -0.0365886 -0.669599 0.7417118 -0.0127352
130624 1.9093876 4.2890702 0.1170576 -0.0361488 -0.6719124 0.7396408 -0.0126198
130690 1.938525 4.277691 0.115742 -0.034249 -0.675595 0.736354 -0.013439
130756 1.9658392 4.2636328 0.1143636 -0.0336214 -0.6761548 0.7358676 -0.0135608
130822 1.991375 4.2468794 0.112806 -0.0327074 -0.6724562 0.7392746 -0.0143674
130888 2.0158008 4.2283072 0.1108634 -0.0308714 -0.6692738 0.7422042 -0.015891
130954 2.0397394 4.2079622 0.1091864 -0.0295714 -0.6694016 0.7420752 -0.018737
131020 2.063636 4.183938 0.10883 -0.032114 -0.667604 0.743518 -0.021332
131086 2.0873332 4.1569918 0.1096658 -0.0353102 -0.6642362 0.7463212 -0.023419
131152 2.1108806 4.1287632 0.111412 -0.0378848 -0.6623532 0.7478132 -0.0250846
131218 2.1345458 4.1005586 0.1138478 -0.039724 -0.6633364 0.7468306 -0.0255032
131284 2.158039 4.073988 0.1160818 -0.0375768 -0.6668876 0.7437962 -0.0248242
131350 2.182167 4.048695 0.118312 -0.031856 -0.667717 0.743298 -0.025449
131416 2.207167 4.0254692 0.1196188 0.0269326 0.6691238 -0.7422484 0.024803
131482 2.2329562 4.0050208 0.119893 0.0226212 0.6710368 -0.7406516 0.0251664
131548 2.2595764 3.9858182 0.1193152 0.018378 0.6710654 -0.7407154 0.0259626
131614 2.2876588 3.9666152 0.1178792 0.0153622 0.6709602 -0.7408916 0.0256132
131680 2.31826 3.947255 0.115899 0.015161 0.672027 -0.739972 0.024319
131746 2.3516836 3.92887 0.1140154 0.0165156 0.673089 -0.7389576 0.0248948
131812 2.3872282 3.9117048 0.112481 0.017737 0.6717498 -0.7401126 0.0258934
131878 2.4248172 3.8957282 0.1119684 0.0177402 0.6682574 -0.7432336 0.0268606
131944 2.4644864 3.8817292 0.1126108 0.0149436 0.66805 -0.7433614 0.0299928
132010 2.504335 3.869192 0.114226 0.012487 0.672822 -0.738978 0.032661
132076 2.5425886 3.8569936 0.1162892 0.0114278 0.6752656 -0.7366148 0.0358412
132142 2.5779274 3.845236 0.1173474 0.0090532 0.6744762 -0.7371874 0.039428
132208 2.6098432 3.8342988 0.1173346 0.0048228 0.6764678 -0.7353382 0.0405632
132274 2.6386256 3.8219454 0.1172516 0.0032058 0.6788392 -0.7333138 0.037659
132340 2.665376 3.808319 0.117419 0.006538 0.679386 -0.732962 0.034048
132406 2.690767 3.7941558 0.1169258 0.0140718 0.679823 -0.7326818 0.028624
132472 2.715651 3.7798078 0.1150858 0.0134642 0.4082802 -0.4392618 0.013239
132538 2.7401438 3.7644554 0.1118212 -0.033585 -0.6803996 0.7319784 -0.011638
132604 2.7651658 3.7490274 0.1080308 -0.0444368 -0.6799164 0.7319354 -0.0030616
132670 2.791759 3.733698 0.105917 -0.055586 -0.678459 0.732527 0.002881
132736 2.8199414 3.7192236 0.1067274 -0.06732 -0.6806756 0.7294342 0.0085906
132802 2.8489862 3.7069066 0.109977 -0.074377 -0.6837586 0.725802 0.0123838
132868 2.8782316 3.6948488 0.1139508 -0.0773264 -0.6804704 0.7284784 0.0172956
132934 2.9053002 3.6847952 0.1162008 -0.0805622 -0.6786718 0.7295742 0.0252022
133000 2.929911 3.676862 0.117245 -0.08558 -0.679287 0.728134 0.032652
133066 2.9534408 3.6695544 0.117361 -0.0915876 -0.6798658 0.726481 0.0402368
133132 2.9775726 3.6627852 0.1159256 -0.0951572 -0.6792224 0.7260672 0.0492796
133198 3.0037622 3.6570966 0.1143174 -0.0985328 -0.6788416 0.725362 0.0575758
133264 3.0328188 3.6531646 0.1131728 -0.1028588 -0.6789936 0.7241282 0.063445
133330 3.065217 3.650877 0.112671 -0.109532 -0.678417 0.723225 0.068553
133396 3.0998916 3.6502736 0.1120426 -0.116886 -0.6755408 0.7240998 0.07524
133462 3.1366384 3.6515088 0.1114156 -0.1228902 -0.6723562 0.7253674 0.0817162
133528 3.1756264 3.6547204 0.1110596 -0.1278946 -0.6751426 0.7213388 0.086579
133594 3.2149794 3.6577446 0.11125 -0.1322786 -0.6788024 0.7165798 0.0907894
133660 3.253306 3.660605 0.112144 -0.137421 -0.680005 0.71397 0.094637
133726 3.2900384 3.6635416 0.1136598 -0.1431524 -0.6777278 0.714869 0.0956788
133792 3.3249158 3.6672318 0.114566 -0.1478242 -0.6762184 0.7155198 0.0943828
133858 3.3582974 3.6725484 0.113175 -0.150867 -0.6783724 0.7129692 0.0934062
133924 3.3898238 3.6788204 0.1097658 -0.1530372 -0.6791872 0.7114278 0.09568
133990 3.420093 3.686161 0.106013 -0.155545 -0.677418 0.712365 0.097193
134056 3.4485854 3.6934288 0.1027402 -0.1604904 -0.6752276 0.7130632 0.0992542
134122 3.4741402 3.6997968 0.0997564 -0.1672148 -0.6745812 0.7111884 0.1057814
134188 3.4982146 3.705898 0.0979922 -0.1719532 -0.6763626 0.7073496 0.1123484
134254 3.5227686 3.7105412 0.0984918 -0.1753294 -0.6783432 0.7038904 0.1168284
134320 3.547438 3.712132 0.100269 -0.178153 -0.680417 0.700124 0.122966
134386 3.5716986 3.7098606 0.1031734 -0.1810612 -0.6818462 0.6969972 0.1284462
134452 3.5958068 3.7026378 0.1066942 -0.1838088 -0.6788144 0.6985276 0.1322304
134518 3.6205184 3.6910214 0.1093392 -0.1872612 -0.6728592 0.702315 0.1376474
134584 3.6460162 3.6761944 0.1109004 -0.1924864 -0.6665224 0.7055048 0.1447732
134650 3.672731 3.659483 0.112173 -0.199696 -0.661396 0.706874 0.15168
134716 3.7010756 3.6409532 0.113764 -0.2084062 -0.6555152 0.7085318 0.1576344
134782 3.7315338 3.6213732 0.1154768 -0.2196236 -0.6520718 0.7071696 0.1627218
134848 3.7623528 3.6025556 0.1162694 -0.2305612 -0.6510264 0.702936 0.169962
134914 3.7923456 3.5857452 0.1170764 -0.2392426 -0.6482992 0.7005794 0.1779284
134980 3.822066 3.57187 0.118309 -0.243004 -0.645067 0.700753 0.1838
135046 3.8518854 3.5601832 0.1193216 -0.2408166 -0.64373 0.7014262 0.1887338
135112 3.8813114 3.5490948 0.1202408 -0.237042 -0.6438094 0.7014358 0.1931528
135178 3.9100704 3.538542 0.1206856 -0.2327966 -0.6436416 0.7020614 0.1965718
135244 3.9390958 3.5293692 0.1208402 -0.2278334 -0.6432222 0.7037196 0.197828
135310 3.968453 3.520894 0.121369 -0.225842 -0.641977 0.705487 0.197862
135376 3.9976068 3.5129588 0.1220588 -0.2271952 -0.6397418 0.706916 0.1984502
135442 4.0260056 3.5059544 0.1225804 -0.2316066 -0.6373402 0.7065778 0.2022468
135508 4.0545714 3.5001844 0.1241366 -0.2383682 -0.637798 0.7032228 0.204626
135574 4.0830926 3.4942614 0.1269372 -0.246103 -0.6407578 0.6974978 0.205814
135640 4.111056 3.487516 0.130108 -0.250949 -0.642537 0.693489 0.207951
135706 4.1388478 3.4802026 0.1333594 -0.2551238 -0.6430464 0.6903292 0.2117756
135772 4.1680826 3.4724972 0.1363788 -0.2583498 -0.6420776 0.6889942 0.2151244
135838 4.1988738 3.4637568 0.1381562 -0.25824 -0.6382596 0.6910766 0.2198852
135904 4.2318864 3.4533734 0.1379468 -0.2576876 -0.6343178 0.69309 0.2255312
135970 4.267766 3.441315 0.137082 -0.259349 -0.632161 0.692796 0.230528
136036 4.304775 3.4282874 0.136573 -0.2617564 -0.6286176 0.6923888 0.2385794
136102 4.3428478 3.4158344 0.1368442 -0.2639656 -0.6241916 0.6933228 0.2449682
136168 4.3821084 3.4050834 0.137862 -0.2675362 -0.6223978 0.6927636 0.247233
136234 4.4210152 3.3965842 0.1393454 -0.2714544 -0.62323 0.6909074 0.2460562
136300 4.457322 3.390458 0.140494 -0.275499 -0.624354 0.688138 0.246471
136366 4.4908564 3.387409 0.1406078 -0.2780122 -0.6258104 0.6846482 0.2496538
136432 4.5232568 3.3879238 0.1402912 -0.2778096 -0.627734 0.6820388 0.25218
136498 4.5552128 3.3911856 0.140339 -0.2760316 -0.6280912 0.6819044 0.2536042
136564 4.5871018 3.396455 0.140248 -0.2740348 -0.6272022 0.683045 0.254896
136630 4.619308 3.403927 0.140147 -0.27261 -0.626979 0.683692 0.255237
136696 4.6515028 3.4128238 0.1404642 -0.2713876 -0.6258062 0.6853906 0.2548624
136762 4.683968 3.422604 0.1414206 -0.2722604 -0.6249204 0.6863512 0.2535158
136828 4.7163234 3.4323054 0.1432186 -0.2767198 -0.6269308 0.6837526 0.2507304
136894 4.747432 3.440318 0.1454322 -0.281532 -0.6281926 0.680772 0.2503258
136960 4.77838 3.446524 0.147954 -0.284074 -0.627879 0.679587 0.251459
137026 4.8100024 3.4510362 0.1503768 -0.284876 -0.6283964 0.6779914 0.253558
137092 4.8419378 3.4529782 0.1521658 -0.283583 -0.627468 0.6777938 0.2577994
137158 4.8752066 3.4526816 0.1535768 -0.2823574 -0.6262766 0.6782506 0.2608206
137224 4.9098888 3.4502092 0.1543798 -0.2815744 -0.6254646 0.6784126 0.2631854
137290 4.945763 3.445212 0.154134 -0.280516 -0.623634 0.678987 0.267148
137356 4.9826272 3.4382348 0.1530848 -0.280275 -0.6205012 0.6798012 0.2725696
137422 5.0202556 3.4308652 0.152132 -0.2827878 -0.6170336 0.679578 0.2783416
137488 5.0589854 3.4245378 0.1523282 -0.2873628 -0.615361 0.6787124 0.2794702
137554 5.0979102 3.4196984 0.1536076 -0.2908956 -0.615273 0.6785752 0.276322
137620 5.13543 3.416438 0.155358 -0.292761 -0.617674 0.676638 0.273736
137686 5.1696208 3.4146946 0.1574954 -0.293166 -0.6195006 0.6745878 0.274234
137752 5.2006678 3.4146578 0.1595706 -0.2921472 -0.6182482 0.6752238 0.276572
137818 5.2308114 3.416514 0.1613764 -0.2903774 -0.6169858 0.67694 0.2770594
137884 5.2603082 3.41982 0.1621242 -0.2876788 -0.6169388 0.677755 0.2779858
137950 5.289437 3.424059 0.161998 -0.285056 -0.616275 0.678696 0.279856
138016 5.3194044 3.4295418 0.1614668 -0.2839318 -0.6151482 0.680298 0.2795884
138082 5.3500602 3.4360204 0.1605612 -0.285522 -0.614167 0.6809868 0.2784496
138148 5.3814434 3.4430286 0.1594504 -0.2889268 -0.6145792 0.679999 0.276434
138214 5.413161 3.4492642 0.1586544 -0.2929482 -0.617504 0.6764992 0.2742598
138280 5.444667 3.453865 0.158995 -0.295528 -0.621916 0.671475 0.27387
138346 5.4762984 3.4562574 0.1610708 -0.296663 -0.6244858 0.6679748 0.2753508
138412 5.5092408 3.4569586 0.1641216 -0.2965166 -0.6245116 0.6673574 0.2769428
138478 5.5427882 3.456214 0.166613 -0.2935928 -0.6223954 0.6693738 0.279938
138544 5.5762308 3.4537056 0.1682614 -0.2911592 -0.6193434 0.6714302 0.284292
138610 5.609729 3.449072 0.169178 -0.290259 -0.61571 0.673339 0.288558
138676 5.6441896 3.4429326 0.1688186 -0.290756 -0.6126008 0.6741038 0.2928568
138742 5.6794706 3.4358566 0.1677456 -0.2937214 -0.6089506 0.6740214 0.2976602
138808 5.7152962 3.428878 0.1676248 -0.2995792 -0.6061896 0.673155 0.2994144
138874 5.750728 3.423381 0.1682784 -0.304649 -0.6065672 0.6711398 0.2980546
138940 5.785083 3.420144 0.169351 -0.308241 -0.610579 0.666953 0.295558
139006 5.8167562 3.4194116 0.1707784 -0.3110264 -0.614152 0.662644 0.2949268
139072 5.8455458 3.4215722 0.17214 -0.3117738 -0.6142544 0.6614766 0.296543
139138 5.8733054 3.426716 0.1734298 -0.3112786 -0.6133422 0.6627016 0.2962158
139204 5.9005454 3.4339794 0.1744964 -0.3107762 -0.6124166 0.6644488 0.294741
139270 5.927589 3.443295 0.17476 -0.310362 -0.612087 0.665211 0.294142
139336 5.9554812 3.4552176 0.1745548 -0.3091514 -0.6121374 0.6660692 0.2933684
139402 5.9841798 3.4688874 0.1744662 -0.3067876 -0.6110718 0.6686924 0.2921014
139468 6.0131196 3.4827996 0.1745158 -0.305362 -0.6105438 0.670349 0.2909008
139534 6.0413168 3.4954834 0.1750026 -0.3083916 -0.6135222 0.6664412 0.2904156
139600 6.067763 3.505851 0.176299 -0.312054 -0.61581 0.662192 0.291381
139666 6.093968 3.5144928 0.178144 -0.313335 -0.617338 0.6602094 0.2912714
139732 6.1207792 3.5206336 0.1805318 -0.3143858 -0.6182376 0.6595262 0.2897738
139798 6.1476222 3.5234258 0.1828612 -0.315699 -0.616928 0.6594988 0.2911964
139864 6.1744196 3.523982 0.184206 -0.3162396 -0.6133938 0.659789 0.2973528
139930 6.201972 3.523234 0.184616 -0.315213 -0.608789 0.661163 0.304762
139996 6.2322526 3.5211556 0.1837324 -0.3137184 -0.6056214 0.662472 0.3097338
140062 6.2659644 3.5171242 0.1818036 -0.315035 -0.604772 0.6611728 0.3128172
140128 6.301661 3.5114782 0.180078 -0.3189892 -0.6041326 0.6584412 0.315792
140194 6.338233 3.5064604 0.1791704 -0.3221712 -0.6039868 0.6566186 0.316635
140260 6.372994 3.502779 0.17903 -0.324936 -0.603105 0.655292 0.318236
140326 6.405301 3.5004056 0.1804858 -0.330121 -0.6041406 0.6517728 0.3181612
140392 6.4348884 3.5002982 0.1826604 -0.3344614 -0.6075626 0.6465324 0.3178024
140458 6.462041 3.502532 0.184665 -0.3348036 -0.6074554 0.6452632 0.3202188
140524 6.4889268 3.5067924 0.1862808 -0.333121 -0.6044458 0.6481062 0.321922
140590 6.515957 3.51311 0.186702 -0.330749 -0.602761 0.651039 0.321608
140656 6.5431694 3.5213698 0.1860172 -0.329515 -0.603837 0.6515714 0.3197732
140722 6.5713184 3.531391 0.1855572 -0.3297024 -0.6061776 0.6511218 0.3160468
140788 6.6003662 3.5427492 0.185577 -0.3289532 -0.6067122 0.6522528 0.3134588
140854 6.6300186 3.5542176 0.1862052 -0.3294634 -0.6064184 0.6532546 0.3113986
140920 6.659643 3.564354 0.187276 -0.332585 -0.608574 0.651019 0.308542
140986 6.6890226 3.5724634 0.1885958 -0.33479 -0.6119586 0.6481888 0.3054074
141052 6.7187528 3.5789442 0.1901904 -0.3352136 -0.6155058 0.6460504 0.3023292
141118 6.7489204 3.5832782 0.1923242 -0.3351184 -0.6169122 0.6454166 0.3009198
141184 6.7789522 3.5852078 0.1947146 -0.333119 -0.6146614 0.6472414 0.3038108
141250 6.80904 3.584743 0.197038 -0.330102 -0.610852 0.64991 0.309045
141316 6.8400976 3.581908 0.1990006 -0.3275944 -0.6080098 0.6520778 0.3127302
141382 6.8724904 3.5768168 0.199302 -0.326415 -0.605117 0.6532686 0.3170594
141448 6.906617 3.5696182 0.1980018 -0.3277418 -0.6015082 0.6531306 0.3227898
141514 6.9420266 3.5606792 0.1968272 -0.3332236 -0.5967722 0.6520928 0.3280224
141580 6.978354 3.551417 0.196763 -0.34005 -0.593552 0.650819 0.329389
141646 7.0140202 3.5428854 0.1974814 -0.3454332 -0.5918814 0.6496882 0.3290258
141712 7.0484596 3.536036 0.1984852 -0.3499954 -0.5931778 0.6467734 0.3276086
141778 7.0806008 3.5310928 0.1994704 -0.3522884 -0.5945664 0.6449708 0.3261842
141844 7.1104448 3.527365 0.2004338 -0.3528712 -0.5930624 0.6464584 0.3253468
141910 7.139275 3.52462 0.201459 -0.352628 -0.591092 0.649367 0.323397
141976 7.1670152 3.5233492 0.2016342 -0.350648 -0.5907326 0.650933 0.3230594
142042 7.1947752 3.5238628 0.2005298 -0.3473302 -0.592741 0.6511382 0.322551
142108 7.2240052 3.525757 0.1986224 -0.3439828 -0.5961 0.6510682 0.3200796
142174 7.2547892 3.5284042 0.1964622 -0.3415428 -0.597541 0.6523294 0.317427
142240 7.286878 3.531777 0.194566 -0.34148 -0.597354 0.654152 0.314079
142306 7.3192272 3.5358774 0.1929358 -0.3442638 -0.5998896 0.6522772 0.3100802
142372 7.3502138 3.5394874 0.1919296 -0.34836 -0.6049994 0.6470792 0.3064462
142438 7.3798394 3.5419402 0.1915588 -0.3517838 -0.6101498 0.6412682 0.3045324
142504 7.4091742 3.5429154 0.192175 -0.3525326 -0.6128496 0.6382662 0.3045532
142570 7.439182 3.541708 0.194201 -0.351756 -0.612311 0.63894 0.30512
142636 7.4693792 3.5386034 0.196141 -0.3488936 -0.6106834 0.6410516 0.307233
142702 7.4996318 3.5338974 0.1970276 -0.3450164 -0.6097784 0.6426722 0.3100112
142768 7.530209 3.5272634 0.1965904 -0.3423644 -0.6091926 0.6434412 0.312499
142834 7.5619464 3.5193624 0.194793 -0.3415304 -0.608918 0.6434634 0.3138954
142900 7.595107 3.510881 0.191997 -0.343483 -0.608233 0.642404 0.31526
142966 7.6282372 3.5019326 0.1898016 -0.3477088 -0.6051526 0.642296 0.3167722
143032 7.6612254 3.4938936 0.188775 -0.3534032 -0.6031706 0.6417228 0.3154104
143098 7.6930974 3.4874 0.1879388 -0.3587448 -0.6033866 0.6391718 0.3141436
143164 7.7230824 3.4828984 0.1871746 -0.3634932 -0.6057084 0.6351672 0.3123336
143230 7.750806 3.480753 0.186306 -0.366446 -0.608578 0.631646 0.310442
143296 7.7769454 3.480198 0.1858282 -0.3679816 -0.608592 0.6315792 0.308728
143362 7.8022642 3.48076 0.1856076 -0.3687196 -0.6071436 0.6339592 0.3058076
143428 7.8265534 3.482123 0.1851868 -0.36828 -0.606793 0.6364212 0.301894
143494 7.8500538 3.4843384 0.1844732 -0.3666878 -0.6082986 0.6382624 0.296873
143560 7.873636 3.487422 0.18385 -0.363843 -0.61223 0.6393 0.289981
143626 7.8959422 3.4893254 0.183084 -0.3596374 -0.6153522 0.6408036 0.2852602
143692 7.9164758 3.4888374 0.1827122 -0.3582438 -0.6188872 0.6397142 0.2817892
143758 7.9350922 3.48605 0.182666 -0.3596098 -0.622876 0.636005 0.2796502
143824 7.952666 3.4808472 0.1828982 -0.3590228 -0.625175 0.6339322 0.2799794
143890 7.96893 3.4722 0.183167 -0.355526 -0.624966 0.634403 0.283815
143956 7.9836394 3.4588592 0.1837694 -0.352795 -0.6238842 0.6348908 0.2884746
144022 7.9971146 3.440438 0.184515 -0.3507318 -0.6229022 0.6349754 0.2928934
144088 8.0100366 3.4166336 0.1854596 -0.3485838 -0.6218362 0.6357584 0.2960066
144154 8.0228978 3.3875828 0.1864752 -0.3474302 -0.6195068 0.6376546 0.2981608
144220 8.035519 3.354751 0.187062 -0.349408 -0.615127 0.638916 0.302191
144286 8.047823 3.3201902 0.187953 -0.3532446 -0.6092722 0.6408488 0.3054806
144352 8.058592 3.2850952 0.1896854 -0.3568342 -0.603378 0.6435674 0.3072868
144418 8.0672052 3.2507122 0.1917444 -0.3616688 -0.6005982 0.643255 0.3077344
144484 8.0733784 3.2184112 0.1935052 -0.3656676 -0.6010696 0.6410134 0.3067642
144550 8.077521 3.188834 0.194593 -0.364812 -0.603675 0.640177 0.304403
144616 8.0784554 3.1604536 0.194715 -0.3600584 -0.6053418 0.641509 0.3039498
144682 8.0750666 3.1323008 0.194209 -0.356789 -0.605781 0.6418004 0.3063064
144748 8.0679046 3.1044606 0.1937372 -0.3552426 -0.6058548 0.6419218 0.3077004
144814 8.0572712 3.0767604 0.1934946 -0.3548806 -0.6061198 0.6419816 0.3074702
144880 8.042827 3.04868 0.193295 -0.354802 -0.604734 0.643272 0.307594
144946 8.0256088 3.0201572 0.1928838 -0.3553166 -0.6018828 0.6458336 0.3072222
145012 8.0060088 2.9912402 0.1923174 -0.355515 -0.598372 0.6491434 0.306876
145078 7.9839896 2.962012 0.1926052 -0.355405 -0.5956844 0.6515424 0.3071486
145144 7.9618978 2.9337454 0.1942448 -0.3554702 -0.5977048 0.6502434 0.3058972
145210 7.941013 2.906598 0.197476 -0.354791 -0.600973 0.648445 0.304096
145276 7.921561 2.8802226 0.2008574 -0.3513706 -0.6022738 0.6495704 0.3030894
145342 7.9045596 2.854295 0.2032044 -0.349142 -0.6037926 0.6499412 0.301845
145408 7.889017 2.8282498 0.2040276 -0.3491318 -0.6059046 0.64797 0.301863
145474 7.8736412 2.8017322 0.203337 -0.3476408 -0.6073026 0.646734 0.3034222
145540 7.857872 2.773931 0.201592 -0.345842 -0.608458 0.645398 0.305997
145606 7.841784 2.7436352 0.1996766 -0.3454872 -0.6084752 0.6443912 0.3084752
145672 7.8261368 2.7107532 0.197992 -0.3466622 -0.607394 0.6435338 0.3110658
145738 7.8115782 2.6753408 0.1971282 -0.3477138 -0.6037294 0.6447754 0.314437
145804 7.7971754 2.6381744 0.1978286 -0.3478012 -0.5958156 0.6491572 0.3203618
145870 7.782849 2.600674 0.200393 -0.347345 -0.587467 0.654367 0.325635
145936 7.7687462 2.5644278 0.2036042 -0.349247 -0.5858022 0.6537004 0.3279292
146002 7.7536336 2.5298584 0.2066562 -0.35281 -0.5858244 0.6512646 0.3289204
146068 7.7375552 2.4973926 0.2091422 -0.354289 -0.583753 0.651852 0.3298498
146134 7.7213318 2.4670176 0.2107164 -0.352331 -0.5834626 0.6538152 0.3285722
146200 7.703179 2.43723 0.210974 -0.349415 -0.584223 0.655336 0.327303
146266 7.6834944 2.407316 0.2101388 -0.3488524 -0.5847528 0.6565994 0.3244118
146332 7.6623452 2.3777166 0.2079264 -0.3481612 -0.5853228 0.6584402 0.3203696
146398 7.639597 2.3479184 0.2049666 -0.344418 -0.5851752 0.6626804 0.3159132
146464 7.6152042 2.3176736 0.2021206 -0.3400774 -0.5851084 0.6667718 0.3121076
146530 7.58877 2.287536 0.200308 -0.334424 -0.585228 0.67059 0.309801
146596 7.5618102 2.2586752 0.20001 -0.3277274 -0.5879018 0.6725922 0.3075476
146662 7.5363524 2.231192 0.2014346 -0.3231862 -0.5932296 0.671559 0.304365
146728 7.5118564 2.2038716 0.2035872 -0.3183422 -0.597442 0.671023 0.302406
146794 7.4891842 2.1765416 0.2048392 -0.3143578 -0.6013172 0.6700008 0.3011566
146860 7.46828 2.148975 0.204922 -0.313724 -0.605316 0.667579 0.29918
146926 7.4477612 2.1205184 0.2034324 -0.3138 -0.6067316 0.6663386 0.298998
146992 7.4275754 2.0913118 0.200152 -0.3148932 -0.606721 0.664602 0.3017234
147058 7.407907 2.0612614 0.1961332 -0.319038 -0.6066042 0.6608294 0.3058606
147124 7.3888532 2.0299624 0.1923102 -0.3251476 -0.6051786 0.6564646 0.3115952
147190 7.371539 1.998095 0.188788 -0.330447 -0.601674 0.653318 0.319326
147256 7.3554164 1.965936 0.186084 -0.3352664 -0.5936134 0.6530184 0.3298254
147322 7.3409566 1.93454 0.1845788 -0.3421466 -0.5855536 0.651909 0.3392298
147388 7.3288024 1.905897 0.1845176 -0.3522208 -0.5836382 0.6453874 0.3446466
147454 7.3170988 1.880829 0.1854628 -0.3618282 -0.5817138 0.6391602 0.3495174
147520 7.306201 1.86021 0.186076 -0.369466 -0.577353 0.63562 0.355169
147586 7.29662 1.8443604 0.1855194 -0.3742796 -0.5748762 0.6324762 0.3597302
147652 7.2878198 1.8321818 0.1842478 -0.3790158 -0.5760888 0.6273818 0.3617466
147718 7.2796246 1.8227696 0.1829546 -0.3837664 -0.5765866 0.6236896 0.3623294
147784 7.273684 1.816066 0.1820514 -0.3846472 -0.575647 0.6242592 0.3619078
147850 7.269234 1.811169 0.182087 -0.382171 -0.573751 0.627534 0.361879
147916 7.2653838 1.8074754 0.1835652 -0.3817256 -0.5736592 0.6277584 0.362106
147982 7.262436 1.8047026 0.1866826 -0.3831814 -0.5735086 0.627062 0.3620128
148048 7.2605078 1.8027748 0.1898412 -0.3821998 -0.5698316 0.6297938 0.3641082
148114 7.2598798 1.801877 0.1918014 -0.3793018 -0.5656704 0.6331228 0.367834
148180 7.259696 1.801742 0.192538 -0.377909 -0.56369 0.633575 0.371513
148246 7.2595174 1.8020858 0.1922798 -0.3775916 -0.562947 0.6327052 0.3744326
148312 7.2596508 1.8025934 0.191447 -0.378637 -0.5630942 0.6309118 0.376176
148378 7.2599354 1.8031446 0.1907234 -0.3800928 -0.5629648 0.6294244 0.3773934
148444 7.2598458 1.8036044 0.1906794 -0.3809294 -0.5614392 0.6294624 0.3787552
148510 7.259404 1.803747 0.191202 -0.381353 -0.559992 0.629894 0.379754
148576 7.2589292 1.8035894 0.1917486 -0.3811358 -0.5597918 0.6301754 0.3797994
148642 7.258693 1.803237 0.1919378 -0.3797694 -0.5606048 0.630905 0.3787558
148708 7.2581794 1.802821 0.191433 -0.3781376 -0.5613154 0.6314846 0.378369
148774 7.2570288 1.8024328 0.190686 -0.3774624 -0.562033 0.6313682 0.3781736
148840 7.255384 1.802231 0.190096 -0.377017 -0.562917 0.631373 0.377294
148906 7.2534788 1.8023008 0.1895872 -0.376647 -0.5638598 0.631238 0.3764812
148972 7.251552 1.8026364 0.1892676 -0.376665 -0.564674 0.630888 0.375829
149038 7.249861 1.8031116 0.1889612 -0.3769558 -0.5653944 0.6300918 0.37579
149104 7.2489846 1.8037708 0.1885374 -0.3770336 -0.5664396 0.6291922 0.375645
149170 7.249026 1.804719 0.188092 -0.376835 -0.567098 0.628689 0.375694
149236 7.2495394 1.8058326 0.1878698 -0.3759286 -0.5665554 0.6294922 0.3760754
149302 7.2504422 1.8070878 0.1877326 -0.3748394 -0.5664962 0.6301188 0.3762018
149368 7.2514908 1.8083194 0.1876806 -0.3744656 -0.5671442 0.6297242 0.3762576
149434 7.2525808 1.8094414 0.1880978 -0.3745292 -0.5673138 0.6296238 0.3761082
149500 7.253453 1.810497 0.189147 -0.374378 -0.566533 0.630186 0.376493
149566 7.2540126 1.8115002 0.1907598 -0.3741502 -0.5648402 0.6314528 0.3771396
149632 7.2544888 1.812474 0.1925946 -0.3739196 -0.5632522 0.6327394 0.3775872
149698 7.2549552 1.8134456 0.1941212 -0.373403 -0.5620946 0.6336702 0.378262
149764 7.2556634 1.8142516 0.1950808 -0.3731092 -0.5611632 0.6343296 0.3788284
149830 7.256455 1.814852 0.19561 -0.37286 -0.560144 0.635269 0.379009
149896 7.2571946 1.8154554 0.1957606 -0.3735434 -0.5600542 0.6351728 0.3786292
149962 7.2578752 1.816083 0.195541 -0.3744088 -0.560553 0.6343818 0.3783628
150028 7.258584 1.8166688 0.195045 -0.3746808 -0.5608096 0.633818 0.3786578
150094 7.259187 1.8171564 0.194528 -0.3745096 -0.5606816 0.6337436 0.3791412
150160 7.259461 1.817399 0.193957 -0.37422 -0.560147 0.634004 0.379782
150226 7.2596958 1.8172452 0.1934946 -0.375424 -0.5604298 0.633232 0.3794634
150292 7.2597072 1.816884 0.1931412 -0.3769196 -0.5606874 0.6322728 0.3792004
150358 7.259448 1.8165664 0.1928788 -0.3774174 -0.5603046 0.631973 0.3797706
150424 7.259131 1.8160774 0.1928402 -0.3770124 -0.559508 0.6326596 0.3802026
150490 7.258909 1.815339 0.192672 -0.377043 -0.559792 0.632458 0.38009
150556 7.2588028 1.814337 0.192217 -0.3769446 -0.5604918 0.632064 0.3798108
150622 7.2589202 1.8134166 0.1915142 -0.3765522 -0.561493 0.6315792 0.3795276
150688 7.2588126 1.8125094 0.1908184 -0.3761846 -0.5621508 0.631394 0.379228
150754 7.258655 1.8115644 0.1901878 -0.3762702 -0.563088 0.6308836 0.378601
150820 7.258434 1.810615 0.189803 -0.376321 -0.563673 0.630498 0.378321
150886 7.2584514 1.8098584 0.189621 -0.3760118 -0.5639128 0.6305384 0.3782056
150952 7.2585078 1.8092944 0.189445 -0.3756702 -0.563829 0.630634 0.3785098
151018 7.2585832 1.808869 0.1891324 -0.3756904 -0.5643102 0.6303002 0.3783288
151084 7.2586446 1.8085282 0.1886794 -0.3762362 -0.5652382 0.6294186 0.377868
151150 7.258755 1.808201 0.188448 -0.37686 -0.565977 0.628748 0.377257
151216 7.2586638 1.807855 0.1886682 -0.3777146 -0.566192 0.6281238 0.3771194
151282 7.2583652 1.807623 0.189278 -0.377929 -0.5658108 0.6280852 0.3775402
151348 7.2579278 1.8075014 0.189945 -0.3776224 -0.5650858 0.6282112 0.378721
151414 7.2576414 1.807516 0.1906284 -0.3772294 -0.5646576 0.6279842 0.3801268
151480 7.257624 1.807657 0.191533 -0.376966 -0.563973 0.628032 0.381322
151546 7.2577332 1.8079754 0.1924716 -0.3768904 -0.562866 0.6285818 0.3821262
151612 7.2579518 1.8084764 0.1931372 -0.3768826 -0.5617974 0.6291894 0.3827062
151678 7.2581208 1.8090516 0.1934076 -0.3769012 -0.5611658 0.6293474 0.3833536
151744 7.2584394 1.809601 0.1932642 -0.3773492 -0.5613986 0.6285344 0.383906
