100000 7.233557406 4.570814833 0.251207311 -0.283080129 -0.611817113 0.685853134 0.274136715
100066 7.23781485 4.5719333484 0.2489577418 -0.290452212 -0.6119902966 0.6825514828 0.2742779098
100132 7.247114995 4.5704122106 0.2475945734 -0.2942406738 -0.617424224 0.677734496 0.2699730336
100198 7.2590110678 4.5664230362 0.2458367222 -0.2937934202 -0.6228635872 0.6737156936 0.2680175568
100264 7.2730040314 4.5607257718 0.2446501484 -0.2941150228 -0.6256733272 0.6708648094 0.2682715126
100330 7.287297443 4.552488145 0.245558415 -0.296974046 -0.622568285 0.671767621 0.270080377
100396 7.3018350422 4.5430403874 0.2471720304 -0.2990649542 -0.6187157972 0.6738965086 0.271319665
100462 7.3168968512 4.5330303914 0.2484128028 -0.2997843782 -0.6179638242 0.674163994 0.2715749368
100528 7.331711109 4.521921975 0.2495307614 -0.2999528402 -0.61735934 0.6748148936 0.2711467932
100594 7.3452671292 4.5098922668 0.2500887954 -0.3011212824 -0.6149129178 0.676381629 0.2715067046
100660 7.35695847 4.497915377 0.249593514 -0.302983695 -0.612509395 0.67741464 0.272291253
100726 7.3659275928 4.486124693 0.2485217424 -0.3039191788 -0.6125320506 0.6769336238 0.2723939456
100792 7.3715963644 4.4736598714 0.2475398396 -0.30336229 -0.6145656664 0.6753794546 0.2722919846
100858 7.373552559 4.459559078 0.2470148988 -0.3016422568 -0.6162016204 0.6745395108 0.2725874864
100924 7.3719378752 4.4436918742 0.2470730012 -0.299625283 -0.61735694 0.674537987 0.2722013572
100990 7.366720635 4.426233832 0.247424984 -0.29793904 -0.616790857 0.675949937 0.271832762
101056 7.3578641894 4.4076577734 0.2474689226 -0.2962179986 -0.6146964862 0.6786849436 0.2716428028
101122 7.346105753 4.3884078922 0.2468882726 -0.2951816712 -0.6136827464 0.6806637078 0.270107675
101188 7.3312420396 4.3679381522 0.2463785928 -0.2947463628 -0.6125079088 0.6825398304 0.2685106912
101254 7.3125456624 4.3458924922 0.2470771948 -0.2951252708 -0.611087227 0.683402204 0.2691372818
101320 7.29147485 4.323273453 0.248994549 -0.296996944 -0.612420198 0.681003239 0.270127573
101386 7.2704120912 4.3008212588 0.2508805946 -0.2973211344 -0.6148158772 0.678491715 0.2706483528
101452 7.2507865612 4.2786954812 0.2526930462 -0.2945201404 -0.6159392348 0.678251675 0.2717560184
101518 7.2331521972 4.256479185 0.2542843108 -0.2904075892 -0.616253064 0.6786371124 0.2744943896
101584 7.2185723374 4.2338819424 0.2554681962 -0.2877161028 -0.6179403474 0.6774816716 0.2763832084
101650 7.206550649 4.21044855 0.256192634 -0.28630856 -0.620392207 0.675718473 0.276668508
101716 7.1952823392 4.1854123196 0.2562087974 -0.2838311014 -0.6213809328 0.6756463088 0.2771780306
101782 7.1841942482 4.15836737 0.2557235728 -0.2818018892 -0.6215009124 0.6758476984 0.2784855026
101848 7.1727415852 4.1287420424 0.255292473 -0.2813541216 -0.6195644912 0.6765849814 0.2814469082
101914 7.161274769 4.0961538194 0.2553442034 -0.2823926626 -0.6153338996 0.678450746 0.2851718128
101980 7.150705643 4.060921458 0.255847712 -0.284471824 -0.61078857 0.680291629 0.288472535
102046 7.1409099926 4.0230765814 0.2577194648 -0.2875707542 -0.6043375574 0.6831211472 0.2922741106
102112 7.132348682 3.9842694852 0.2616374304 -0.2909140932 -0.5970672872 0.6866778382 0.2955553518
102178 7.1249353832 3.9465837412 0.266448232 -0.293633452 -0.5926461792 0.6882355406 0.298130253
102244 7.1169947078 3.9111302834 0.2708904626 -0.297170247 -0.589743827 0.6879505664 0.3010247266
102310 7.107530733 3.878198126 0.274501897 -0.299756028 -0.585508794 0.689843161 0.302394096
102376 7.0963412766 3.8476613818 0.2763444596 -0.3015715624 -0.5841330454 0.6900679258 0.3027365174
102442 7.0827456916 3.8178849252 0.276492697 -0.3033457806 -0.5845654448 0.6883336924 0.30407449
102508 7.0668575046 3.788170124 0.275310406 -0.3036239412 -0.58428552 0.688155969 0.3047364302
102574 7.048815614 3.7583928376 0.2724578242 -0.3019740716 -0.5839818402 0.689095985 0.3048336486
102640 7.028428891 3.727855925 0.26845887 -0.299822752 -0.583948431 0.690331786 0.304224544
102706 7.0050430486 3.6958976628 0.2647588566 -0.2981108562 -0.5831473574 0.6922925764 0.3029851822
102772 6.9785448132 3.6626555172 0.2626782686 -0.2966987446 -0.5824524716 0.6943423314 0.30101104
102838 6.9493514326 3.6289184418 0.262716903 -0.2936192736 -0.5824706112 0.6962197674 0.2996559512
102904 6.9187104132 3.5950381544 0.2653184972 -0.2896935096 -0.5821317034 0.6979054614 0.3002136418
102970 6.889789386 3.562122849 0.269535907 -0.285887203 -0.583529361 0.698359162 0.300094107
103036 6.8638265452 3.5307220106 0.2733090916 -0.2793149044 -0.585470521 0.699513264 0.2998137144
103102 6.8402850246 3.500141319 0.2756164346 -0.2723187606 -0.5875566868 0.7005998768 0.2996319874
103168 6.818296885 3.4690140748 0.2766585086 -0.269295371 -0.5903549344 0.7000506874 0.2981443352
103234 6.7960719704 3.4367556248 0.2760175706 -0.2677445304 -0.591473525 0.7002015516 0.296967517
103300 6.773142964 3.403366689 0.273441647 -0.266664385 -0.591292368 0.700621581 0.297309336
103366 6.7501175792 3.3682669062 0.2697268732 -0.2673284608 -0.5907043884 0.7004050578 0.2983899246
103432 6.7276945056 3.331131751 0.2659158904 -0.269884568 -0.588750258 0.7003183646 0.3001492074
103498 6.706091213 3.2924855218 0.2630943716 -0.2724995776 -0.5839900074 0.7015948466 0.3040789568
103564 6.6850689612 3.2532019828 0.2630266992 -0.275289687 -0.575673471 0.7049157852 0.3096913214
103630 6.665175689 3.214945836 0.265766216 -0.278312135 -0.569310075 0.707137851 0.313662961
103696 6.645699516 3.1788918208 0.2696982284 -0.2818208548 -0.5683641056 0.7056260316 0.3156438926
103762 6.625423791 3.1449181604 0.272863002 -0.2844659182 -0.5672644578 0.7049071906 0.3168532806
103828 6.6045238288 3.1130658358 0.2735169626 -0.2864843918 -0.5676551984 0.7033733228 0.3177422996
103894 6.5828208002 3.082744276 0.2714659268 -0.2879479038 -0.5712693402 0.6999261306 0.3175541208
103960 6.559521382 3.052680587 0.267939995 -0.289261531 -0.573242796 0.698300113 0.316381756
104026 6.534071487 3.0225037436 0.2635887454 -0.2902639616 -0.572702954 0.6990443766 0.314793721
104092 6.505867963 2.9925192556 0.2590078522 -0.2904205824 -0.5723936896 0.700100643 0.312858455
104158 6.474433562 2.962478577 0.2551978874 -0.2885913754 -0.5712613482 0.7024734078 0.3112981472
104224 6.4402352886 2.932649327 0.2530246268 -0.2858342132 -0.56839709 0.7059574242 0.311203113
104290 6.404730237 2.903902028 0.252887382 -0.280278906 -0.564584525 0.710748023 0.312290406
104356 6.3696217598 2.876594638 0.2555643166 -0.2748440644 -0.5636684162 0.7133882716 0.3127550342
104422 6.3379045012 2.8511879296 0.259779807 -0.2719143092 -0.5674570086 0.7129326734 0.30948669
104488 6.3092826072 2.8274106176 0.2635729954 -0.2694959778 -0.5698205722 0.7132615948 0.30648704
104554 6.2830311376 2.804979991 0.2655761494 -0.2681289574 -0.570370537 0.713560797 0.3059661474
104620 6.25883222 2.783454876 0.265713237 -0.266492645 -0.571604825 0.713462009 0.305322053
104686 6.236306977 2.7617086162 0.264340613 -0.2654004578 -0.572948965 0.7129888104 0.3048590274
104752 6.2152989288 2.738707545 0.2619918546 -0.2658973998 -0.573796012 0.712033932 0.3050645356
104818 6.1957520474 2.7139714208 0.2593254096 -0.267454786 -0.574290731 0.7108987258 0.3054195274
104884 6.1767552218 2.687696883 0.2561021926 -0.2673966768 -0.5737481202 0.7106045192 0.307169783
104950 6.157926036 2.659986443 0.252214723 -0.266242775 -0.573428086 0.709885001 0.310416333
105016 6.1396136136 2.6306854676 0.2485929516 -0.2659228192 -0.5731739468 0.7087687676 0.3136932532
105082 6.1222963238 2.6002414682 0.2465832954 -0.266714825 -0.573251988 0.7075490242 0.3156259326
105148 6.1061728596 2.569779805 0.246256664 -0.2665714328 -0.575131399 0.7060291096 0.3157315324
105214 6.0901342968 2.540141949 0.2474868306 -0.2667933482 -0.5765679046 0.7046730284 0.3159536084
105280 6.073393 2.511728807 0.250246875 -0.267668862 -0.574552035 0.706070786 0.31576476
105346 6.054885246 2.4856566642 0.2528600556 -0.2699912374 -0.5700947786 0.7088878208 0.3155544192
105412 6.0346270298 2.4635056024 0.2532256044 -0.273324461 -0.5693418952 0.7083536732 0.3152435706
105478 6.0129785418 2.4453366924 0.2515135668 -0.2772081802 -0.5735091418 0.7039692586 0.31411769
105544 5.9897523724 2.4301894722 0.2496338884 -0.2810226748 -0.5768074566 0.700265962 0.312964713
105610 5.964802041 2.418147888 0.248247119 -0.282901236 -0.576861739 0.70002723 0.311703868
105676 5.937972253 2.4097899268 0.2465327944 -0.2828234928 -0.5756265618 0.7015530282 0.310625546
105742 5.9092428756 2.4049997952 0.2441668052 -0.2810388134 -0.5743908952 0.704074135 0.3088233118
105808 5.8780094448 2.4035760978 0.241365331 -0.2784945586 -0.5748372302 0.705831874 0.3062747884
105874 5.8438204024 2.4049273462 0.2386130516 -0.2747801666 -0.5765272496 0.7068167702 0.3041744324
105940 5.807312913 2.408767778 0.236413907 -0.268878728 -0.579473095 0.707495675 0.302266491
106006 5.7702388952 2.4145453952 0.2354282086 -0.263472709 -0.585216363 0.7062758678 0.2987940986
106072 5.7331841136 2.421329209 0.2354317424 -0.2599539884 -0.591257977 0.7036774338 0.296101047
106138 5.6963473924 2.4289371268 0.2353268304 -0.2558537786 -0.5953482576 0.7016489604 0.2962902126
106204 5.6602729252 2.4367045452 0.2348372126 -0.250142117 -0.5976479896 0.7010362918 0.297982795
106270 5.626804566 2.443452011 0.234798103 -0.247185065 -0.600830426 0.700094411 0.296260289
106336 5.595724381 2.4488593668 0.2350384334 -0.247295991 -0.6040281642 0.6994825818 0.2910646142
106402 5.5644844202 2.4532379792 0.2343921234 -0.2469720394 -0.6044792734 0.7010432352 0.2866146374
106468 5.5320099426 2.4574183594 0.2321852492 -0.2458887754 -0.6043573 0.7023179262 0.284676108
106534 5.4986051284 2.4620017334 0.2287579874 -0.2447925344 -0.6040771588 0.7029215284 0.2847256732
106600 5.465001844 2.467071316 0.225017528 -0.243240626 -0.603214726 0.703851574 0.285585281
106666 5.4312981754 2.4722509632 0.2221951262 -0.2408413776 -0.601027964 0.7057096808 0.287636098
106732 5.3976878692 2.4784447844 0.2212860004 -0.2376770584 -0.6000790158 0.7063099128 0.290759389
106798 5.3649778408 2.4872664106 0.2222851172 -0.2357466774 -0.6035957688 0.7032584648 0.2924432836
106864 5.3327353866 2.4977506336 0.224940348 -0.2365650628 -0.6039979868 0.702096716 0.2937405888
106930 5.301725941 2.509820726 0.227911284 -0.23988257 -0.600668714 0.703678036 0.29409296
106996 5.2704619606 2.5241242022 0.2302121192 -0.2452977674 -0.5970578422 0.704880703 0.2940984504
107062 5.2377868848 2.5413009962 0.2308098452 -0.2497297476 -0.5954391938 0.7044963376 0.2945710488
107128 5.20476476 2.5621571552 0.229494221 -0.2516973796 -0.5945935794 0.7048376844 0.2937868506
107194 5.171554536 2.5869049792 0.226949476 -0.2527916272 -0.5938594068 0.7062018642 0.2910434278
107260 5.137405222 2.61580037 0.223298702 -0.253400669 -0.594979206 0.705801297 0.289192624
107326 5.1034778978 2.648715182 0.2196848312 -0.251561485 -0.5974675174 0.7048177234 0.2880646876
107392 5.069512058 2.6838341522 0.2180193086 -0.2469184244 -0.5991436966 0.7050764528 0.287967417
107458 5.0358468586 2.718685808 0.2193835 -0.2440900582 -0.6035113558 0.7026325054 0.2872305926
107524 5.0044698948 2.752153994 0.221446381 -0.241742474 -0.6105368856 0.6981536142 0.28528308
107590 4.97450923 2.78304737 0.222089175 -0.236071436 -0.614077212 0.696846223 0.285630524
107656 4.9456652514 2.8098369804 0.2219627192 -0.2314520186 -0.6151767018 0.6975936818 0.28522018
107722 4.9184335744 2.8326655086 0.2222033578 -0.2326754506 -0.6174398068 0.697356207 0.2798648368
107788 4.8909193474 2.8523489344 0.2217398508 -0.2343398516 -0.6179289042 0.6986687176 0.2740632008
107854 4.8618706526 2.8699969054 0.2189956488 -0.2336533474 -0.6170618952 0.7003362218 0.2723414814
107920 4.831614664 2.88647541 0.214046383 -0.231185259 -0.617063429 0.700980245 0.272787088
107986 4.8002549002 2.9020141122 0.2084035896 -0.2283269216 -0.6179048058 0.7006308022 0.2741840238
108052 4.7678737422 2.916878558 0.2035883684 -0.225244481 -0.6182861678 0.7004649004 0.276289683
108118 4.735066856 2.9316656568 0.2008665248 -0.2225843604 -0.6175841832 0.7010273558 0.2785796068
108184 4.703896058 2.947849476 0.2005276358 -0.2218410888 -0.6204598092 0.6990106582 0.2778490038
108250 4.673390142 2.965117569 0.203302121 -0.222661444 -0.624164412 0.695821127 0.276900031
108316 4.6439519174 2.9834404732 0.2074015474 -0.2211895858 -0.6234556506 0.6969406744 0.2768606122
108382 4.616414169 3.003154947 0.2113778688 -0.2214527974 -0.6192723644 0.7006845168 0.2765889442
108448 4.5883827468 3.0250490202 0.2147277818 -0.2241656544 -0.614503048 0.7041679332 0.276194038
108514 4.5587042122 3.0506068342 0.2159686796 -0.225487922 -0.6099131554 0.7078194678 0.2759575594
108580 4.528512628 3.080292657 0.214695421 -0.226073575 -0.607331269 0.7106215 0.273964508
108646 4.4980033438 3.1136020556 0.2118786036 -0.2269170652 -0.6093299282 0.7098050564 0.270928574
108712 4.4673697858 3.1493409224 0.2097090318 -0.2251902996 -0.6135342322 0.707459969 0.2690081452
108778 4.4374061248 3.1857792752 0.2094512382 -0.2211378736 -0.6152878774 0.707577133 0.268054805
108844 4.4095361968 3.2214263958 0.2104616688 -0.2165331018 -0.6164553524 0.7085535384 0.2665481402
108910 4.384218769 3.254946267 0.211483664 -0.212320459 -0.620822256 0.707336406 0.263011326
108976 4.3592806502 3.2838633604 0.2118537092 -0.2090747216 -0.6263332678 0.7048206642 0.2592719198
109042 4.3347096258 3.3074287644 0.21167227 -0.2089050118 -0.630591223 0.702881029 0.2543058472
109108 4.3113723958 3.3272745906 0.2104872656 -0.2096075196 -0.6331448072 0.7028109254 0.2474852208
109174 4.2885286098 3.3443574682 0.2077707644 -0.2078007528 -0.6339013182 0.7049419142 0.2409246034
109240 4.264701096 3.358269867 0.204045728 -0.205588673 -0.633491096 0.707281112 0.237014256
109306 4.2393709476 3.369422422 0.1998094272 -0.2032808888 -0.6331694806 0.708652178 0.2357654344
109372 4.2130258898 3.3788523926 0.1960046456 -0.199955472 -0.6328631726 0.7096534756 0.2364188846
109438 4.1885254312 3.3889453854 0.1939026224 -0.1947686366 -0.635519256 0.7095671238 0.2338690056
109504 4.1665168778 3.3998427966 0.1944979628 -0.1925839546 -0.6389659826 0.7078503034 0.2314774972
109570 4.144597165 3.409917359 0.198055148 -0.19072892 -0.635932478 0.711272959 0.230874728
109636 4.1242561202 3.4214937636 0.2025104758 -0.18881258 -0.6329495408 0.7156175574 0.2271914812
109702 4.1046725104 3.4340549866 0.2069302598 -0.1899596972 -0.6336323664 0.716608662 0.2211272716
109768 4.083091574 3.4460431806 0.2100071362 -0.1919739156 -0.6330077074 0.7172809012 0.2189871206
109834 4.0604855506 3.460160561 0.2104080388 -0.190153605 -0.6327573414 0.7183744454 0.2177102736
109900 4.037778987 3.477041763 0.208784545 -0.185883854 -0.633377708 0.720223493 0.213443184
109966 4.0139103262 3.4963262564 0.205917045 -0.1812960004 -0.6344636834 0.7221941086 0.2074194986
110032 3.9888684676 3.5190198506 0.2018589994 -0.1756616688 -0.636881731 0.7236181774 0.199752221
110098 3.9626064754 3.5455074102 0.1974113038 -0.1687737036 -0.6410050852 0.72331921 0.1934861564
110164 3.9349145692 3.5746412928 0.1948598256 -0.1612961254 -0.646031893 0.7214982316 0.189910929
110230 3.907362145 3.604857765 0.19505646 -0.155396703 -0.648959464 0.721220582 0.185861107
110296 3.8802510794 3.6346194096 0.1965484842 -0.152451202 -0.6483942164 0.7229179082 0.1836661164
110362 3.8536369322 3.6628079448 0.197847022 -0.1513573234 -0.6500554668 0.7221849194 0.1815701528
110428 3.826432096 3.6867688904 0.1983793228 -0.1514743544 -0.6527770092 0.720108053 0.1799501462
110494 3.799656647 3.7056850156 0.1982845188 -0.1537398546 -0.6537392752 0.7192834258 0.1778207898
110560 3.774478604 3.720885568 0.197584551 -0.157463713 -0.654458721 0.718682543 0.174311113
110626 3.7495116872 3.7326743894 0.1957706572 -0.158976772 -0.6543135282 0.7187796732 0.1730779208
110692 3.7237154076 3.7415914758 0.1929883328 -0.1577286032 -0.6529821142 0.7198843706 0.1746495992
110758 3.6973374686 3.7486293634 0.1891992164 -0.1537644962 -0.6517123956 0.7216980618 0.1754401018
110824 3.670906593 3.7539212178 0.1841176604 -0.1477363422 -0.6508870758 0.7240704782 0.1739010728
110890 3.643830744 3.756518325 0.178405864 -0.141812218 -0.649768828 0.726770627 0.171738816
110956 3.6155985278 3.7572083602 0.173596865 -0.138801848 -0.6516195352 0.7262760704 0.1692595732
111022 3.5873448812 3.7586675974 0.1708994574 -0.1357048664 -0.6576578238 0.7221469474 0.1660540306
111088 3.5593217678 3.7607788304 0.172742371 -0.1344611792 -0.6613941408 0.7191029292 0.1654356076
111154 3.5324119948 3.7636219242 0.1788878454 -0.1353801434 -0.6599505104 0.720271172 0.1653686854
111220 3.507095354 3.768855005 0.185458564 -0.134530692 -0.654192637 0.725326573 0.166837794
111286 3.4829289944 3.7765267172 0.1908891758 -0.1342234448 -0.6502109108 0.728966839 0.1667846718
111352 3.4574968442 3.7853535336 0.194569062 -0.1364215882 -0.6488037018 0.7299463252 0.166196339
111418 3.429554443 3.7960660646 0.195681728 -0.1397695606 -0.646864186 0.7311205452 0.1658127538
111484 3.4002604062 3.8109425598 0.1939869746 -0.144331667 -0.6477195854 0.7302018504 0.1625813054
111550 3.369122165 3.83008155 0.189741779 -0.146836265 -0.650741124 0.727444987 0.160620334
111616 3.3354390444 3.852799492 0.184644352 -0.1460505484 -0.650991745 0.7268750378 0.1628852836
111682 3.3009545818 3.8800449906 0.180570958 -0.1446490454 -0.652012918 0.7261247122 0.1633971894
111748 3.2664616 3.9111209596 0.1787782814 -0.141417735 -0.6539193162 0.7255246958 0.16125882
111814 3.2319227476 3.94288693 0.1800427308 -0.138664822 -0.6541794054 0.7259115012 0.1608535086
111880 3.198850397 3.974101945 0.182804738 -0.137913563 -0.654966096 0.72566373 0.159409575
111946 3.1673852224 4.0042222842 0.1841812908 -0.1359591764 -0.6593768352 0.7228274134 0.1557481962
112012 3.1369621592 4.0302619358 0.183356406 -0.1343919612 -0.6639597068 0.7194563594 0.1532277504
112078 3.1084804296 4.051231821 0.1819769414 -0.137013665 -0.6668563454 0.7170919238 0.1493614872
112144 3.0814213248 4.0681208082 0.1802355056 -0.1416229122 -0.6682267252 0.7159081304 0.1445385608
112210 3.054049978 4.081375576 0.177025514 -0.144087456 -0.667271651 0.716786349 0.142143164
112276 3.026377303 4.091720088 0.1724696464 -0.1451834254 -0.6660246788 0.7179274254 0.1411137906
112342 2.9984957682 4.0998071408 0.1670198012 -0.1454621222 -0.6651333812 0.7183980802 0.142627032
112408 2.969842657 4.1060710986 0.1615437916 -0.1433089268 -0.6610656742 0.7212703066 0.1490749754
112474 2.9423985484 4.1119205448 0.1577570334 -0.1397931462 -0.6540035122 0.726761959 0.1566965982
112540 2.918405243 4.119443843 0.156946864 -0.136395491 -0.652428989 0.728275623 0.159208358
112606 2.8964820078 4.1277252574 0.159257981 -0.1356604888 -0.6564086578 0.7246800034 0.159883352
112672 2.8758348426 4.1368357282 0.162987697 -0.1334282226 -0.6571880798 0.7246720884 0.158590704
112738 2.8569438026 4.1483116242 0.1663537164 -0.1303919824 -0.6559501318 0.7269656318 0.1557185206
112804 2.8378447904 4.1615036628 0.169205236 -0.1287321496 -0.6544444404 0.7289682776 0.1540639188
112870 2.817143104 4.177453733 0.170948657 -0.127607198 -0.652790566 0.73108251 0.151984351
112936 2.794434312 4.197518593 0.1702238912 -0.1292382588 -0.6532772446 0.7309433824 0.1491574188
113002 2.7693179988 4.2222209398 0.1670609032 -0.1314947646 -0.6567099798 0.7281055824 0.1459564166
113068 2.7417982968 4.2509823292 0.1627462448 -0.1312751486 -0.65997989 0.7255843346 0.1439468514
113134 2.7137481122 4.282626989 0.159255707 -0.1284223378 -0.6614434734 0.7250682958 0.142394063
113200 2.686803993 4.316064049 0.157523155 -0.121897434 -0.661938153 0.725705716 0.142583701
113266 2.6621414658 4.3492107904 0.1573777562 -0.1135931488 -0.6620975944 0.7267590238 0.1433327968
113332 2.6402485862 4.3800705598 0.1588052598 -0.1058190084 -0.6627998386 0.7274017702 0.1427768684
113398 2.621520882 4.4073288588 0.1617464738 -0.1025872266 -0.6643498476 0.7268701578 0.1406231254
113464 2.6059114374 4.4306279594 0.165372336 -0.1061397746 -0.664882526 0.726558313 0.137034011
113530 2.592527981 4.450096535 0.168800015 -0.112931499 -0.660952996 0.72933419 0.135864835
113596 2.5818230142 4.4675180816 0.1707010758 -0.1199817014 -0.6551376756 0.7327811376 0.1393922834
113662 2.5751837206 4.4849275436 0.170458693 -0.1264727144 -0.6510704202 0.7343198376 0.1445201256
113728 2.5725746192 4.5033731094 0.1685843046 -0.131743094 -0.6486544582 0.734446797 0.1499295282
113794 2.5739753652 4.5227481158 0.1663554294 -0.1359917068 -0.6467147506 0.734776582 0.1528710002
113860 2.578763523 4.543278302 0.164300076 -0.140649113 -0.64848407 0.73229372 0.153075619
113926 2.5856166772 4.5650274618 0.1629054384 -0.14562975 -0.655702171 0.7250540008 0.1521268586
113992 2.5926143434 4.586972629 0.1628245204 -0.1496724884 -0.6608251904 0.7196490636 0.151701521
114058 2.5996363828 4.6096429188 0.164119767 -0.1519195726 -0.6635138232 0.7172368264 0.149134308
114124 2.6065324278 4.6334671074 0.1658398524 -0.154359717 -0.6669281294 0.7142889566 0.1455029536
114190 2.611606329 4.657586238 0.167221886 -0.15648822 -0.667152399 0.713807786 0.144559876
114256 2.6149485742 4.6826717442 0.1677477078 -0.1557535662 -0.6644608184 0.716805241 0.1429081792
114322 2.6167011804 4.708992919 0.1669766056 -0.1533171756 -0.6628072384 0.7193684298 0.140319032
114388 2.6168261044 4.7366308724 0.1649850064 -0.1528520328 -0.663823661 0.7190306168 0.1377291294
114454 2.6156184614 4.7665075734 0.1621113606 -0.1538256228 -0.6665055092 0.716985417 0.1343126082
114520 2.61278626 4.798579992 0.158961867 -0.15274262 -0.667155078 0.717110999 0.131626781
114586 2.6085585858 4.8321915666 0.1560715268 -0.1506255032 -0.6669420124 0.7176153102 0.1323953618
114652 2.6042061846 4.8666186342 0.1543587904 -0.1501782142 -0.668817198 0.7155749364 0.1344713178
114718 2.6004558612 4.9001380614 0.1541386262 -0.1503206474 -0.6693839882 0.7147787472 0.1357207382
114784 2.5983789012 4.9317721008 0.1553497624 -0.1511246714 -0.6681197696 0.7158756698 0.1352749024
114850 2.598483317 4.960738175 0.15754431 -0.152461177 -0.667353621 0.716400875 0.134775818
114916 2.6012452868 4.9868469864 0.1600937334 -0.1535386824 -0.6669792942 0.7165261842 0.1347393988
114982 2.6069472302 5.0106702392 0.1626949994 -0.1528273468 -0.664840483 0.7186829622 0.1346315676
115048 2.6155613218 5.032279234 0.1649918834 -0.151660426 -0.661606234 0.7219591096 0.1343550062
115114 2.6269518988 5.0519445674 0.1667733064 -0.1512062728 -0.6596427302 0.724050785 0.1332612786
115180 2.640511794 5.070364578 0.167131445 -0.150925688 -0.65876224 0.724830624 0.133694856
115246 2.6558394148 5.0884487316 0.1655948484 -0.150611626 -0.6578323084 0.7252814636 0.1361599378
115312 2.6725346508 5.1061550012 0.16316786 -0.151527299 -0.6564604422 0.725692634 0.1395324278
115378 2.6898033798 5.1233236234 0.1608668798 -0.155769353 -0.6569167642 0.723819725 0.142411596
115444 2.706609935 5.1410367208 0.1590954984 -0.1622329996 -0.6617448646 0.717625842 0.1441757122
115510 2.721650104 5.159519484 0.158057261 -0.167468753 -0.666352153 0.711962018 0.145048646
115576 2.7347959298 5.1792931038 0.157808846 -0.170099866 -0.6702204758 0.7078066022 0.1444996414
115642 2.745383327 5.2002510694 0.1583074412 -0.1707330846 -0.6740014732 0.7040913566 0.1443175682
115708 2.752855068 5.221544607 0.1596369848 -0.1706217708 -0.6733001096 0.7047582536 0.1444676252
115774 2.75793854 5.2435446958 0.161208318 -0.170533196 -0.668982505 0.709069508 0.143530914
115840 2.760261367 5.267023943 0.162066468 -0.171447416 -0.667098693 0.710940215 0.141947627
115906 2.758846028 5.2918354486 0.1618726794 -0.1738233114 -0.667422404 0.710258072 0.1409475306
115972 2.7543024632 5.3189435058 0.1600413126 -0.1759884836 -0.6682043098 0.709230843 0.1397234606
116038 2.7479486856 5.3492950306 0.1558643746 -0.1775171306 -0.6690976566 0.7082778268 0.1383419462
116104 2.7407930176 5.381968947 0.1500401998 -0.178686462 -0.6697361844 0.7074580274 0.1379409456
116170 2.733421417 5.416212294 0.14362257 -0.178152717 -0.673057169 0.70443876 0.137919143
116236 2.7266591622 5.4495899238 0.1386653912 -0.1769704502 -0.67792349 0.7001051484 0.1376727528
116302 2.7215687108 5.4800442662 0.1371376992 -0.1776758314 -0.681809914 0.6962350676 0.1371975886
116368 2.7194090342 5.5070103886 0.1391341184 -0.1805010282 -0.6827240146 0.6947986546 0.1362427248
116434 2.7205183524 5.530741226 0.1423587068 -0.1823703274 -0.6784925088 0.6984733822 0.1361014714
116500 2.724843973 5.552682376 0.145466474 -0.182832651 -0.673325287 0.703028796 0.137680037
116566 2.7321805854 5.5725791634 0.148807054 -0.1842195436 -0.6690633784 0.7064191208 0.1392450734
116632 2.7422124642 5.590775605 0.1516215308 -0.1862374904 -0.665193696 0.7090564832 0.1416747926
116698 2.7550544546 5.6084254086 0.1525465992 -0.1870798458 -0.662317733 0.7107245822 0.1456255702
116764 2.7705418976 5.6257805696 0.1515870104 -0.1867513028 -0.6597639992 0.7122262628 0.1502298656
116830 2.788729093 5.643478586 0.149042473 -0.186519198 -0.659065314 0.711898813 0.155059926
116896 2.8092415522 5.6616301296 0.1457132892 -0.1883566846 -0.6599652554 0.7096753726 0.1591485806
116962 2.830412518 5.679871648 0.1429261838 -0.1931857788 -0.662049869 0.705774852 0.1620212706
117028 2.8502433418 5.6980398414 0.141217048 -0.1976012712 -0.6643574808 0.7020018548 0.163634217
117094 2.868248265 5.7168449176 0.140496837 -0.199273447 -0.668419563 0.697606983 0.1638581832
117160 2.884691245 5.737033653 0.140957086 -0.19975178 -0.674749295 0.691581587 0.162872724
117226 2.8980114734 5.7576181706 0.1428893528 -0.1995890884 -0.6758910498 0.6902187372 0.1641140566
117292 2.9086165148 5.778339795 0.1459133576 -0.1981372214 -0.6693799702 0.696627175 0.165476087
117358 2.9180530366 5.800557909 0.1487154322 -0.1968576184 -0.6653321242 0.7013460726 0.1633825716
117424 2.924893287 5.8236614452 0.1499523996 -0.1960634274 -0.6652499752 0.7021107594 0.1613755472
117490 2.929298088 5.84797518 0.148798995 -0.195437962 -0.666093027 0.701779174 0.160093951
117556 2.932956591 5.8740484984 0.1455546288 -0.1952690092 -0.6665797304 0.7023926038 0.1555179158
117622 2.9362785012 5.9013228752 0.1410197508 -0.1949835222 -0.6685830618 0.702115463 0.148363649
117688 2.9391976534 5.9286413274 0.1359269956 -0.1935979306 -0.6742589182 0.6979347004 0.1441582128
117754 2.9423196588 5.954439399 0.131450831 -0.1918508418 -0.6803425376 0.6930114888 0.1416408054
117820 2.945370863 5.977713086 0.128124812 -0.190691788 -0.684464903 0.689436353 0.140790464
117886 2.9492667208 5.9981110524 0.1265826288 -0.1916143996 -0.6879543848 0.6859375162 0.139614727
117952 2.9545752578 6.0154224838 0.1267619636 -0.1939337768 -0.689516834 0.6839566188 0.1384180494
118018 2.9616049624 6.030804113 0.1279534136 -0.1947872906 -0.6887948326 0.6840244984 0.1404634636
118084 2.9702300444 6.044743464 0.1303365418 -0.1948351854 -0.6849894044 0.6866849188 0.145918281
118150 2.980515264 6.057906726 0.13382747 -0.195681778 -0.67828407 0.692037168 0.15074455
118216 2.9929984164 6.0717134348 0.1370996612 -0.196387782 -0.6726546712 0.6964741088 0.1545675208
118282 3.0086199316 6.0861673944 0.13981176 -0.1965880076 -0.6687179642 0.6995337306 0.1575495924
118348 3.0279146016 6.100789778 0.1421351822 -0.1955443576 -0.6647806674 0.7030490208 0.1598469044
118414 3.0507529976 6.1161517828 0.143371577 -0.1937946468 -0.6619822426 0.7056771916 0.1619960806
118480 3.075438473 6.132495701 0.143551198 -0.191750858 -0.6603039 0.707062031 0.165207907
118546 3.100603916 6.1497241696 0.1442464584 -0.190502543 -0.6589444692 0.7087508026 0.1648430192
118612 3.1249213392 6.1681626892 0.1452947424 -0.1892707436 -0.6602305094 0.7089082756 0.1603782574
118678 3.1465790426 6.187311174 0.146302618 -0.1878094844 -0.6641662084 0.706489252 0.156472406
118744 3.1652057836 6.207392171 0.1479050174 -0.184959615 -0.6686584764 0.7035524824 0.1539465332
118810 3.180729429 6.228335827 0.151124034 -0.181065271 -0.668283527 0.705420761 0.151637872
118876 3.1940132622 6.2503827198 0.155721274 -0.1773016796 -0.6623416618 0.7130522216 0.1463668644
118942 3.2054516652 6.27412608 0.1595215478 -0.1741409712 -0.658383582 0.7191783236 0.1377975172
119008 3.2137363282 6.2992500498 0.1606879026 -0.1708684988 -0.6583073592 0.7214523098 0.1301603362
119074 3.2191517182 6.3261444686 0.1593591468 -0.1690962248 -0.6596958684 0.7219023538 0.1227372604
119140 3.222300876 6.354849158 0.155894668 -0.1691159 -0.660940804 0.721973631 0.115373921
119206 3.2236763678 6.384608288 0.1509143444 -0.1681400342 -0.664184732 0.7198503748 0.111367636
119272 3.2246688238 6.4136034046 0.1463524438 -0.1666745316 -0.6688613168 0.715785351 0.1117827288
119338 3.226445799 6.4401857394 0.1447658396 -0.16468678 -0.6708924228 0.714066071 0.1135396158
119404 3.2306723148 6.4639978966 0.1470290504 -0.1647852636 -0.6720335026 0.713080029 0.1128432228
119470 3.237467049 6.485016418 0.151028538 -0.16607647 -0.671677822 0.713617389 0.109625415
119536 3.2455223584 6.5037058334 0.1540873548 -0.1660433426 -0.6691563364 0.7162351492 0.1080116748
119602 3.2541876744 6.5203674916 0.1558017516 -0.165966963 -0.6660256328 0.7190391846 0.1088457162
119668 3.2632097914 6.53465705 0.1566179036 -0.167021184 -0.6631627838 0.720982056 0.111820662
119734 3.2735372472 6.5473185142 0.1568886202 -0.1680292702 -0.6620112544 0.7213397716 0.1147873666
119800 3.285890702 6.55856712 0.156620802 -0.168838259 -0.660796476 0.721771757 0.117843927
119866 3.3013089602 6.5689879134 0.1557735322 -0.1695346076 -0.6592533742 0.7225014482 0.1209736188
119932 3.32081337 6.5789249656 0.1547822272 -0.1693934672 -0.6583244706 0.72308313 0.1227417102
119998 3.3453799102 6.5886464818 0.153960862 -0.1681407512 -0.6584870168 0.7232967546 0.1223328448
120064 3.3749043042 6.5981246518 0.1531543928 -0.166138461 -0.6591603718 0.7233424606 0.1211662904
120130 3.408059711 6.606974372 0.152146509 -0.164560092 -0.659044481 0.723919069 0.120505313
120196 3.4433911104 6.6152377336 0.1510856304 -0.1650463732 -0.6586184582 0.7243289312 0.11970373
120262 3.4787754476 6.6231262152 0.1503209486 -0.167080847 -0.66052694 0.7224343258 0.1177993108
120328 3.511962512 6.630055909 0.1501791394 -0.1687989762 -0.6645849474 0.7185918194 0.1160147804
120394 3.541570438 6.6346706588 0.1516725332 -0.1696404522 -0.6662250052 0.7170537398 0.1148925154
120460 3.567059366 6.636196094 0.154119498 -0.169601953 -0.665776197 0.717301512 0.115999027
120526 3.5891406448 6.6344925724 0.1565533012 -0.1694288332 -0.6653320572 0.7171510362 0.1196721996
120592 3.6088654622 6.6294638852 0.1583830552 -0.1698785766 -0.6631722414 0.7185178712 0.1227837666
120658 3.626830366 6.6217339278 0.1587857394 -0.1700060554 -0.6606529002 0.7206104674 0.1239201816
120724 3.6431528202 6.6109827582 0.1575997802 -0.170146153 -0.6591039488 0.7219571678 0.12413743
120790 3.658212048 6.596600519 0.154879904 -0.170843015 -0.658848354 0.722073238 0.123861814
120856 3.672826833 6.5788465224 0.1508386668 -0.17244188 -0.6602564892 0.7204847902 0.1233969076
120922 3.6874981814 6.5575057972 0.1467526174 -0.1740088496 -0.6608891926 0.7195816522 0.1230797428
120988 3.702488607 6.5325736028 0.1443655862 -0.1763270364 -0.6594561078 0.7201354136 0.124222991
121054 3.7183455868 6.5057828374 0.1446353608 -0.17814357 -0.6556987824 0.7227644672 0.1262352376
121120 3.735289282 6.480071072 0.146789007 -0.177952437 -0.654501686 0.723717349 0.127254357
121186 3.7534025968 6.4564878428 0.1488335178 -0.1738898146 -0.6587558368 0.720770558 0.127642199
121252 3.771644553 6.4344975024 0.1503091658 -0.1683038386 -0.662649557 0.7181797538 0.1295649196
121318 3.7897964292 6.4141298074 0.1517116728 -0.1651618584 -0.6638678292 0.717241433 0.1325358932
121384 3.8088444916 6.3942211908 0.152696133 -0.164279964 -0.6636399452 0.7175301268 0.1332089696
121450 3.829638247 6.37306828 0.152163666 -0.167227678 -0.663586034 0.716748681 0.134014211
121516 3.8529067682 6.350983793 0.149844701 -0.1732732152 -0.66464638 0.7135652396 0.1380064164
121582 3.8790602862 6.3285688784 0.1470259344 -0.178445252 -0.6642945146 0.7113673594 0.1443133734
121648 3.9088607782 6.3074068962 0.1447768724 -0.1822215154 -0.663427238 0.710100754 0.1497210052
121714 3.9428154964 6.287519051 0.1445658178 -0.1879086208 -0.6617553136 0.709547579 0.152683212
121780 3.980853974 6.268329039 0.146892529 -0.195033945 -0.659477728 0.710093768 0.151055377
121846 4.0201932162 6.24946086 0.1497344984 -0.1995553726 -0.6598412972 0.7091142524 0.148134697
121912 4.0575862124 6.2305281394 0.1510008382 -0.2022822834 -0.663220349 0.7049251476 0.1493355576
121978 4.0918087312 6.2114383138 0.1514844308 -0.2005528056 -0.6650380818 0.7034287212 0.1506349046
122044 4.1234839574 6.1923360756 0.1515794142 -0.1946309504 -0.6672568018 0.7031813688 0.1497426354
122110 4.153179154 6.171301386 0.15182577 -0.191056581 -0.66944375 0.702521313 0.147669404
122176 4.1807852224 6.1476285422 0.1512999926 -0.1908918662 -0.6692965324 0.70295294 0.1464909554
122242 4.2067213576 6.1228650834 0.1489487718 -0.190184347 -0.669285132 0.7032755434 0.1459137866
122308 4.2311344926 6.096753969 0.1456688686 -0.1902114886 -0.6690758118 0.7033473186 0.1464912454
122374 4.2545463334 6.0691450256 0.1429975624 -0.1926291354 -0.6681120704 0.7031621832 0.1486039424
122440 4.27688914 6.040525359 0.142605971 -0.195464409 -0.664217941 0.705686732 0.150380942
122506 4.2988857284 6.0118897712 0.1450858476 -0.198084351 -0.6610579434 0.7077541106 0.1511590388
122572 4.3225286606 5.9852755284 0.1488280518 -0.1999752578 -0.6653156752 0.7035492026 0.1496101858
122638 4.3471209876 5.9600404884 0.1524433106 -0.199571132 -0.6686530254 0.7008464026 0.1479486304
122704 4.3701821582 5.9365783768 0.1544303488 -0.1978562988 -0.6682334666 0.70065285 0.1529778426
122770 4.393086097 5.915715392 0.155399413 -0.195889077 -0.668632589 0.699657553 0.158231597
122836 4.417719095 5.8955665734 0.15573932 -0.1953077684 -0.6696084118 0.69822175 0.1611389464
122902 4.4452312766 5.8749310068 0.1550182868 -0.1973974346 -0.669882922 0.6964716934 0.1649793522
122968 4.4767366384 5.8544398084 0.153499038 -0.2016785822 -0.6689455794 0.6952436704 0.16874149
123034 4.5125318078 5.8352738682 0.1519706302 -0.204802924 -0.666695752 0.6961400938 0.170180584
123100 4.551695568 5.816626572 0.151264045 -0.207236698 -0.664076603 0.697712863 0.171032094
123166 4.5920581448 5.7972467476 0.1529193332 -0.210321806 -0.6620204688 0.6987580432 0.170970161
123232 4.6313143264 5.7789911658 0.155750732 -0.2138897238 -0.66498851 0.6945866974 0.172018887
123298 4.667250528 5.7613973906 0.1591496154 -0.2188804656 -0.6664848716 0.6909812468 0.1744535802
123364 4.6992427754 5.7435996844 0.1620623828 -0.2207264192 -0.6635493086 0.6923588614 0.1778236742
123430 4.729352253 5.725892352 0.163074221 -0.218768172 -0.66245021 0.693158307 0.181195385
123496 4.7580652322 5.7065306052 0.16261602 -0.2176347132 -0.6628841406 0.6922893012 0.184269383
123562 4.7853748352 5.6850426626 0.1612718208 -0.2175583238 -0.6638207112 0.6908945932 0.1862125022
123628 4.8116772488 5.660979741 0.158666994 -0.2174761902 -0.6628703726 0.6916317966 0.1869556414
123694 4.8376720372 5.6343320666 0.1541636952 -0.2193218216 -0.6615195598 0.6919371668 0.188448108
123760 4.864091331 5.605260233 0.149277142 -0.22382494 -0.660240871 0.69182964 0.18803228
123826 4.8910725676 5.5734863008 0.1458178386 -0.2300614856 -0.6583629876 0.6922752628 0.1854306064
123892 4.9190928106 5.5396862952 0.144596967 -0.236476562 -0.6579265582 0.6913107496 0.1824850674
123958 4.948030069 5.5062720336 0.145905844 -0.2392544476 -0.6593261564 0.6898006324 0.1795029564
124024 4.9770008506 5.4750998684 0.1500827878 -0.2401106966 -0.6628576452 0.6867379386 0.177080698
124090 5.003940586 5.445247749 0.156205174 -0.241432234 -0.660558698 0.688337411 0.177663423
124156 5.0293469272 5.4201793806 0.1615073996 -0.2414453024 -0.657874643 0.6898108734 0.1818403486
124222 5.0539463112 5.3997189458 0.1658246764 -0.2408902722 -0.6572123158 0.6894273956 0.1863696268
124288 5.0787390482 5.3807795146 0.1690349026 -0.2411566522 -0.656285967 0.6888991662 0.1911805474
124354 5.1051212714 5.3612281314 0.1706409096 -0.242063543 -0.6546865632 0.6882845718 0.19762293
124420 5.134908689 5.341362093 0.170862871 -0.242773796 -0.653387807 0.687293401 0.204384539
124486 5.1695829274 5.3217511732 0.1701698884 -0.2424727752 -0.6495125164 0.6890990852 0.2109087282
124552 5.2100732212 5.3031221148 0.1692445584 -0.2436125722 -0.644226341 0.6917230822 0.2171273344
124618 5.2563836298 5.2863269324 0.1688351296 -0.2455860938 -0.6405529652 0.6930501904 0.2214965812
124684 5.3069725308 5.2707055178 0.1702208132 -0.2462233632 -0.6403220242 0.6928245674 0.2221616994
124750 5.358597953 5.255604284 0.173392272 -0.246421588 -0.645244627 0.688417635 0.22139768
124816 5.4083454572 5.2413409278 0.1773982832 -0.2474979396 -0.650786101 0.683155661 0.2202736392
124882 5.4533457428 5.2259766006 0.1815468476 -0.2472599704 -0.6493586734 0.6848346056 0.2195385826
124948 5.4940940006 5.209707136 0.1843057688 -0.241151253 -0.6468278488 0.6901876896 0.2170262728
125014 5.531742203 5.191679487 0.184518843 -0.2329962998 -0.648606068 0.6922713814 0.213969249
125080 5.566428964 5.17007346 0.182986977 -0.227969706 -0.652011447 0.691906463 0.210181668
125146 5.5973561256 5.144662754 0.1797663564 -0.2267450124 -0.6545284698 0.6904039934 0.2086179884
125212 5.6250991692 5.116981621 0.1750871366 -0.228871627 -0.6554894974 0.6882586748 0.2103597694
125278 5.6511215154 5.088340188 0.1707075958 -0.2335152368 -0.6533633992 0.68814797 0.2122241214
125344 5.6757529654 5.0585710702 0.169393221 -0.2394762096 -0.6478888524 0.6907096112 0.2140348286
125410 5.699496135 5.02739032 0.172031583 -0.246082268 -0.642141898 0.692748544 0.217248141
125476 5.7232193512 4.9973557928 0.1762731496 -0.251012433 -0.643321126 0.6882983004 0.22220648
125542 5.7490997084 4.9691281678 0.1817791636 -0.2499054132 -0.6478569862 0.6844459762 0.2221762436
125608 5.7754087812 4.9410504476 0.1871170852 -0.247371778 -0.644953614 0.6873428668 0.2245029396
125674 5.802040733 4.9157959068 0.1897454928 -0.2445640192 -0.6409169878 0.6897623562 0.2316062836
125740 5.830771949 4.893486507 0.190076801 -0.240598843 -0.641332311 0.689657353 0.234899551
125806 5.8615189764 4.8712421678 0.1886589378 -0.2394997548 -0.6444187076 0.686237745 0.2375750358
125872 5.8951919022 4.8490491968 0.1862960032 -0.2421852448 -0.6470654498 0.6815463366 0.2411369906
125938 5.933444909 4.8288096948 0.1844565806 -0.2472775192 -0.647547311 0.6787105322 0.2426689074
126004 5.9760295164 4.8113010504 0.1842534692 -0.2513783642 -0.6442515412 0.6801332074 0.2432435386
126070 6.021477996 4.795688618 0.185953007 -0.255168231 -0.639323506 0.682729477 0.245020592
126136 6.0689150098 4.780834857 0.1901370468 -0.259772971 -0.6387348846 0.682109094 0.2434391912
126202 6.1160843632 4.7661117864 0.195026743 -0.2650330524 -0.6439369082 0.676172937 0.2406083864
126268 6.1606540256 4.751297359 0.1998769934 -0.2706746934 -0.6482014638 0.6705642062 0.2385657414
126334 6.200233263 4.7361182348 0.2035052812 -0.27203272 -0.6449651638 0.6728804504 0.239269217
126400 6.236040996 4.721602908 0.204724358 -0.268166017 -0.642144554 0.676979384 0.239658658
126466 6.2691535978 4.7067745826 0.2033046172 -0.264129899 -0.6450580532 0.6763054664 0.2382145752
126532 6.2993845528 4.6900579968 0.200170148 -0.2627112992 -0.6495689986 0.673487057 0.2354951636
126598 6.3271733954 4.6714690714 0.1959229062 -0.2607463136 -0.6517787772 0.6733521562 0.231932283
126664 6.3533535674 4.6511547124 0.1911508248 -0.259257689 -0.651437064 0.6753366036 0.2287697134
126730 6.378466172 4.629234441 0.187167499 -0.261625171 -0.64952798 0.677394458 0.225393926
126796 6.4017091632 4.6053240368 0.1851487984 -0.2665419084 -0.6461836746 0.6793607524 0.2233177492
126862 6.4243030484 4.579911141 0.1856732602 -0.2692793636 -0.6420259494 0.6826233262 0.2220733164
126928 6.4480340546 4.5535338818 0.1888291374 -0.2702172848 -0.6394889454 0.6855581876 0.2191949218
126994 6.4745872514 4.528094251 0.1938179726 -0.2699325662 -0.6427227432 0.6848123976 0.2123098188
127060 6.501463977 4.502744022 0.199472858 -0.268724352 -0.643628812 0.685388199 0.209218047
127126 6.5269021506 4.4805179078 0.2033515898 -0.2654586594 -0.6427999188 0.6858413712 0.2143858216
127192 6.552623112 4.4621808244 0.2062663772 -0.262153593 -0.6431841498 0.6854167266 0.2186172182
127258 6.5790580148 4.444874869 0.2083216384 -0.2606222674 -0.6418883578 0.6861118106 0.222049245
127324 6.6074959404 4.4279117888 0.2084864002 -0.2614313818 -0.6407160304 0.6850454066 0.2277040492
127390 6.63970784 4.412061051 0.207319636 -0.264469876 -0.639568775 0.682670795 0.234452667
127456 6.6764086406 4.398280207 0.2058847426 -0.2677894862 -0.636682384 0.6814132048 0.2420741478
127522 6.7176787732 4.3868467818 0.2045202378 -0.269985046 -0.6327396966 0.6811109578 0.2506712634
127588 6.7632541692 4.377004327 0.2043579138 -0.2730086714 -0.6300007594 0.6800134156 0.2571905512
127654 6.811164175 4.3669576064 0.20628286 -0.2748427424 -0.6298152926 0.6791163442 0.2580602152
127720 6.858258031 4.355997548 0.209137982 -0.276854032 -0.634144328 0.674390196 0.257702698
127786 6.9020023322 4.3446154762 0.2124160796 -0.2796735252 -0.6378470004 0.6696994044 0.2577529144
127852 6.9407059506 4.3333738622 0.2151675154 -0.2805083942 -0.637282059 0.6699329272 0.2576363068
127918 6.9751491144 4.322612056 0.2162323076 -0.2784309546 -0.6375364174 0.6710942694 0.2562342004
127984 7.0048767654 4.3108059202 0.2153427352 -0.2768051228 -0.6390814404 0.6702287846 0.2564121584
128050 7.030326726 4.297156232 0.213152789 -0.276661287 -0.639394275 0.669726838 0.257098144
128116 7.052465275 4.2813237264 0.209877438 -0.2775733148 -0.638843131 0.6697452554 0.2574369634
128182 7.0727675078 4.2625983064 0.2056246606 -0.2801753066 -0.6388141306 0.6687748488 0.2572128146
128248 7.0924253366 4.240267163 0.2018030348 -0.2849622438 -0.6373077092 0.669004639 0.2550843444
128314 7.1124054018 4.214592998 0.1994624518 -0.2904451938 -0.6341220216 0.6710902746 0.2513331612
128380 7.132944931 4.185806414 0.198889765 -0.293511241 -0.629523126 0.675490274 0.247517019
128446 7.1545504828 4.1538899056 0.2011469232 -0.2939147744 -0.6257492196 0.6807898938 0.2420263944
128512 7.1765523492 4.1205830378 0.2054838714 -0.292686085 -0.625225042 0.6833840906 0.2375173848
128578 7.2012099138 4.0891427792 0.2103456446 -0.288871095 -0.6324915158 0.6811792656 0.229133357
128644 7.2250378464 4.0584842098 0.2140857448 -0.284016392 -0.6352703934 0.6818598232 0.225462338
128710 7.246528172 4.030528288 0.215534554 -0.280639529 -0.63437141 0.682296508 0.230837266
128776 7.2675432286 4.0058350164 0.2160011456 -0.2801790766 -0.6337874414 0.680999125 0.2367554814
128842 7.2888646486 3.9823383264 0.2153389984 -0.2827451894 -0.6325517162 0.6787819962 0.243286162
128908 7.310690714 3.9588643318 0.2131376994 -0.2867095334 -0.6300286494 0.6760694534 0.2525692066
128974 7.335832705 3.9352810462 0.2099878216 -0.2900138654 -0.6271948688 0.6740687062 0.2610547622
129040 7.366418845 3.910491427 0.206252824 -0.291575557 -0.624803059 0.673285989 0.267003387
129106 7.4027907132 3.8849476208 0.2030438836 -0.2924258826 -0.6258207444 0.6709420518 0.2695778032
129172 7.4424615126 3.8584105544 0.202586439 -0.2934077168 -0.6282495564 0.6685534342 0.2687947856
129238 7.4822522684 3.8313305144 0.2047361448 -0.2946909342 -0.63185731 0.6652156786 0.2672107456
129304 7.5186818288 3.8048453692 0.207836234 -0.2969424576 -0.6344732286 0.6614167236 0.2679490826
129370 7.549059452 3.780091299 0.210887782 -0.298604301 -0.633477997 0.660435932 0.270860624
129436 7.5726667962 3.7581036838 0.2126781068 -0.2977033334 -0.6324687322 0.660450755 0.2741545902
129502 7.5918052182 3.7387447252 0.2124357156 -0.2949741136 -0.6361328442 0.6582107126 0.2740143136
129568 7.60645186 3.7178772828 0.2110041386 -0.2943992322 -0.6376427448 0.657512695 0.2727963928
129634 7.6165021062 3.6937855216 0.2085183658 -0.2970588518 -0.6363136402 0.6576349114 0.2727218914
129700 7.622858319 3.667206741 0.205061089 -0.301133462 -0.636861259 0.655287547 0.272625394
129766 7.6269650988 3.6384238318 0.2012386072 -0.3035693204 -0.6386265758 0.6529875662 0.2713097436
129832 7.6288583312 3.6064481322 0.1981415078 -0.303706284 -0.6374235258 0.6547622552 0.269703649
129898 7.6278278326 3.5706466014 0.196449977 -0.3039605404 -0.6328317952 0.6584358968 0.2712817204
129964 7.622459511 3.5320704498 0.1967731494 -0.3067093964 -0.625131799 0.6618041404 0.2777666536
130030 7.61553314 3.494451167 0.199323747 -0.310898526 -0.620103359 0.662897795 0.281745354
130096 7.6081232706 3.4587619796 0.2031732076 -0.314103344 -0.6188651708 0.6615877024 0.283983475
130162 7.6006868354 3.424482841 0.2073995038 -0.3145177054 -0.6182912544 0.6603381802 0.2876593968
130228 7.5946858706 3.3916767138 0.2109290222 -0.3129516248 -0.6161164386 0.6611069714 0.292231574
130294 7.5913384028 3.3606910192 0.212684203 -0.3124296166 -0.617237281 0.6584797264 0.296327803
130360 7.58833659 3.330090891 0.212599522 -0.311634326 -0.619920722 0.654347461 0.300685459
130426 7.585811715 3.298783286 0.211222678 -0.3114088814 -0.62287659 0.649955689 0.3043134914
130492 7.584045772 3.2657767418 0.2095364804 -0.3131990554 -0.623027397 0.6473280128 0.3077491912
130558 7.5832942534 3.2306347664 0.2084201852 -0.3159840148 -0.6197319812 0.6474539664 0.311270914
130624 7.5843355328 3.1940372984 0.2086207548 -0.3186649318 -0.6154529392 0.6485477738 0.3147314908
130690 7.586362763 3.156406546 0.211294372 -0.321590614 -0.61040122 0.65015377 0.318260747
130756 7.5878350178 3.1177058484 0.2162782832 -0.3238633778 -0.60406459 0.6532113512 0.3217655352
130822 7.5872540432 3.0804141242 0.2213313674 -0.3267151294 -0.600521483 0.6522090402 0.3274968828
130888 7.5843666436 3.0464931136 0.2249745906 -0.3319472746 -0.6005597264 0.6470892042 0.3322866038
130954 7.5778930792 3.0155997182 0.226866613 -0.3362305696 -0.5996037914 0.6439629998 0.335761492
131020 7.568473757 2.987078799 0.226329275 -0.338223891 -0.600746858 0.640559881 0.338217164
131086 7.5549509858 2.9588782118 0.2238386282 -0.3398138818 -0.6014709964 0.6381501526 0.3398874388
131152 7.5366475854 2.9301226314 0.2200206086 -0.3437342012 -0.6003601398 0.636664696 0.3406941238
131218 7.5141626718 2.9014276864 0.215079128 -0.3476052992 -0.5987588124 0.6368756156 0.3391869828
131284 7.486888842 2.8722621664 0.2100275806 -0.349662134 -0.5960794598 0.639541587 0.3367671348
131350 7.454735281 2.842340938 0.206094873 -0.35073649 -0.593309544 0.642176392 0.335525231
131416 7.4181143988 2.811869367 0.204696697 -0.3498477064 -0.589423701 0.645839764 0.3362692736
131482 7.3789699234 2.7815227546 0.2065038752 -0.3468870664 -0.584670775 0.650439834 0.3387584996
131548 7.3404610368 2.7524366866 0.2104763284 -0.3440649686 -0.5846418486 0.6515383978 0.3395745274
131614 7.3045771826 2.724256233 0.2146177972 -0.3405959522 -0.5889004676 0.6502944608 0.3380939174
131680 7.271951955 2.695971977 0.216391961 -0.334661425 -0.592783775 0.649924876 0.337944938
131746 7.2433350152 2.6668270298 0.2159511426 -0.3319961434 -0.5974840564 0.6477775616 0.3364154682
131812 7.2161805218 2.6363656108 0.2139063016 -0.3306452088 -0.6011139742 0.6460012604 0.3346909982
131878 7.1891724642 2.6043852046 0.2099547154 -0.3278119764 -0.603115023 0.6454873298 0.3348695964
131944 7.1628321642 2.5700169856 0.2052824228 -0.3263901144 -0.6041820904 0.6450886778 0.3351030966
132010 7.136717193 2.532807174 0.201308989 -0.325827617 -0.602502697 0.646774569 0.335424388
132076 7.110857203 2.4934976786 0.1986336418 -0.3251356838 -0.599359534 0.6497478956 0.3359798608
132142 7.084706209 2.4529695138 0.1978620974 -0.3253549468 -0.5944956946 0.65302924 0.3380409868
132208 7.0596698486 2.4129709502 0.1988208244 -0.3281782702 -0.5927448828 0.6531081938 0.3382338104
132274 7.0354571528 2.3750666076 0.2001636268 -0.3324125752 -0.5957105188 0.6490576202 0.3366822336
132340 7.009556425 2.339159966 0.201480649 -0.335576274 -0.595844641 0.646966879 0.337330084
132406 6.9831585404 2.3061420968 0.2015229204 -0.3385377692 -0.5984136028 0.6426243412 0.338122666
132472 6.9555555598 2.2752207102 0.200518179 -0.3413064398 -0.6020170854 0.637769931 0.3381343204
132538 6.9256887432 2.2446546096 0.1983503134 -0.3421161868 -0.6013089476 0.637428688 0.3392177824
132604 6.8939778028 2.2140886754 0.1949597566 -0.3417657224 -0.5994944768 0.6390238882 0.3397807776
132670 6.859831851 2.183624391 0.191108752 -0.339822839 -0.597728886 0.6418517 0.339509959
132736 6.8226520638 2.1536074152 0.187453428 -0.3369348846 -0.5951612584 0.64523829 0.3404781122
132802 6.7830249866 2.1242169044 0.1856838374 -0.3344178182 -0.59299598 0.6479335574 0.341617591
132868 6.7427959276 2.0960018764 0.1863526612 -0.334054811 -0.595481897 0.6454867972 0.342279563
132934 6.7046612878 2.0692976434 0.18911941 -0.3327817554 -0.5998190864 0.6420923612 0.3423312014
133000 6.66927907 2.043782734 0.192476221 -0.327288057 -0.600434695 0.643736969 0.343458034
133066 6.637567977 2.0190089128 0.1946507488 -0.3243399946 -0.6013098074 0.6440172298 0.3441974076
133132 6.6079439606 1.9943066726 0.1952427672 -0.3257333854 -0.6025586804 0.6417825106 0.3448709662
133198 6.5789590376 1.9696888364 0.1934947224 -0.3257052826 -0.6020451698 0.6406617208 0.34786517
133264 6.5512149236 1.9446717014 0.190008754 -0.326145706 -0.6020174012 0.6389149776 0.3507015438
133330 6.523121918 1.917690985 0.186291401 -0.329136161 -0.599724407 0.637413796 0.354547142
133396 6.4943234942 1.8883958678 0.1829029132 -0.333048957 -0.594896275 0.6370751578 0.359599319
133462 6.4656458586 1.857754805 0.1795886722 -0.3366190574 -0.590681648 0.6358391508 0.3653643592
133528 6.437332941 1.8261000508 0.1774273668 -0.3413757112 -0.5868237318 0.6337838324 0.3706998158
133594 6.4105491952 1.7947991552 0.1774776528 -0.3485292892 -0.5850667878 0.630136273 0.373030751
133660 6.384320685 1.766102225 0.178964236 -0.356352585 -0.583329369 0.625321778 0.376447018
133726 6.3573016378 1.7403890134 0.1809790018 -0.363367716 -0.5781164842 0.6232821486 0.3811352998
133792 6.3313239514 1.718431829 0.1819458254 -0.3697004506 -0.5766317144 0.6194541724 0.3835280306
133858 6.3052983362 1.6992806228 0.18191299 -0.374480127 -0.5776445848 0.6150026616 0.384529573
133924 6.2775836214 1.681540256 0.1814856812 -0.3767778678 -0.5763954884 0.6137262658 0.3861951556
133990 6.248932809 1.665115387 0.180081415 -0.376552388 -0.575007906 0.614581475 0.387122484
134056 6.2191009998 1.6501760172 0.1781397766 -0.3745022048 -0.5746426582 0.6171984802 0.385486415
134122 6.1863818482 1.6368390378 0.1763366018 -0.3701341666 -0.5732351568 0.6227460202 0.3828697672
134188 6.1499761058 1.6253637998 0.1750328072 -0.3655783602 -0.5713482422 0.6289049098 0.379989528
134254 6.109356879 1.6157016058 0.174796081 -0.361246624 -0.5684646496 0.635388481 0.3776637218
134320 6.064899793 1.607905126 0.176132191 -0.357190099 -0.566899829 0.639960164 0.376152635
134386 6.0195502128 1.6018152784 0.1779836194 -0.3539853512 -0.5695984748 0.6395411254 0.3758177032
134452 5.976511477 1.5967752336 0.1798630374 -0.3481568232 -0.5723668506 0.6397902618 0.3766313606
134518 5.9375079306 1.5922852784 0.1811932142 -0.3403387494 -0.5754378062 0.6417993506 0.3756782938
134584 5.902903406 1.5873282272 0.1816937994 -0.3374332128 -0.581307313 0.6408623642 0.3708310084
134650 5.870524387 1.58241201 0.18117664 -0.337620766 -0.586799881 0.638368487 0.36628376
134716 5.8387302546 1.5781577564 0.1795167916 -0.3353799664 -0.588620166 0.6391845546 0.3639912322
134782 5.8068912476 1.5742201622 0.1769928654 -0.3343206562 -0.5893166078 0.6399925784 0.3624156804
134848 5.7742318208 1.5703687784 0.1742221018 -0.3351549036 -0.589978235 0.6396893546 0.3611016208
134914 5.741326272 1.567245642 0.1711243656 -0.3354146288 -0.5917220152 0.6385274256 0.360062198
134980 5.708512061 1.564685056 0.16791295 -0.332289064 -0.592188835 0.639256825 0.360897594
135046 5.6753090906 1.5620992446 0.165989413 -0.328316304 -0.5901650412 0.6417827064 0.3633572506
135112 5.642009318 1.5601846308 0.166095364 -0.3281311222 -0.591047081 0.6406662798 0.3640603094
135178 5.609014107 1.5610528444 0.1674197926 -0.3293529046 -0.5939080668 0.6375581008 0.3637575208
135244 5.5763595754 1.563630704 0.1697187646 -0.330347736 -0.5912329612 0.6392089932 0.3643153608
135310 5.546643454 1.567804515 0.171705852 -0.334365589 -0.588896334 0.640536116 0.36209701
135376 5.5193776098 1.5742003406 0.172401081 -0.339095099 -0.5906239372 0.6393738738 0.3569014638
135442 5.4930395088 1.5825826918 0.1718417434 -0.3410482634 -0.592597358 0.638562205 0.3532035222
135508 5.46742893 1.5931376154 0.1704680746 -0.3399182574 -0.5928675956 0.6403144386 0.3506578974
135574 5.441753259 1.6069950426 0.1683901574 -0.3380899974 -0.5932711534 0.642509927 0.3477144934
135640 5.415416489 1.624974302 0.165563765 -0.335839315 -0.594818891 0.644195119 0.344114936
135706 5.3882471252 1.6474680194 0.1623056324 -0.3332090054 -0.597478401 0.6447432652 0.341023923
135772 5.36021663 1.6737772368 0.1593412298 -0.328722169 -0.5991099964 0.6463060624 0.3395545416
135838 5.3321940112 1.7035027496 0.157073362 -0.3222415774 -0.6018976136 0.6476265736 0.3383182242
135904 5.3041928644 1.7346261156 0.1564730958 -0.3171026286 -0.6070918088 0.6471232 0.334838067
135970 5.276476654 1.765122728 0.156654408 -0.314918569 -0.614404228 0.643507819 0.330501779
136036 5.2489543962 1.7941342172 0.1564694474 -0.3114740422 -0.6210543016 0.6403771656 0.3274021944
136102 5.2220146208 1.8206431396 0.155814343 -0.307673063 -0.625929187 0.6384866908 0.3253990998
136168 5.1957898532 1.8440365632 0.1557493694 -0.3067927122 -0.6290761208 0.638024911 0.3210382698
136234 5.1701913886 1.8646570182 0.1554747778 -0.307217823 -0.6310002436 0.6385346826 0.3157992908
136300 5.144743171 1.883282952 0.153486681 -0.305123093 -0.631451629 0.641000596 0.311908601
136366 5.1181611892 1.900612557 0.1497282922 -0.302677491 -0.6313921106 0.6423996688 0.3115332592
136432 5.0906674572 1.9179257632 0.1450905004 -0.3011144962 -0.631115507 0.6429840016 0.3124017198
136498 5.062515684 1.9353014082 0.1406540108 -0.3001094254 -0.6290269172 0.644607032 0.3142310742
136564 5.0334940904 1.9522619928 0.137836038 -0.3007066448 -0.6257867296 0.6456378182 0.317990609
136630 5.00474589 1.969792184 0.137238337 -0.304028309 -0.625036662 0.642685277 0.322260133
136696 4.9772548268 1.9888099752 0.138634095 -0.3080356304 -0.6261540242 0.6383890312 0.3248146622
136762 4.9518003028 2.0085092562 0.1420175956 -0.3081342928 -0.62354891 0.6407033944 0.325175347
136828 4.9289680436 2.0289211686 0.1466278566 -0.3085939838 -0.6211584022 0.644093246 0.3226078248
136894 4.9065221976 2.0505874032 0.1507613954 -0.3099178056 -0.6205181512 0.6457320894 0.319277535
136960 4.883615801 2.074996271 0.152405062 -0.306585158 -0.618293912 0.650303748 0.317526717
137026 4.861936984 2.103391003 0.1514801962 -0.3003923884 -0.6175506112 0.65575341 0.313660103
137092 4.8406842704 2.135605634 0.1489446732 -0.2944784836 -0.6202469166 0.6584245408 0.3083066746
137158 4.8189441782 2.170850054 0.1462744408 -0.2888305476 -0.624455104 0.6593300108 0.303177185
137224 4.7966220786 2.2084653566 0.1447000248 -0.2822780892 -0.6288109986 0.6599259502 0.299020236
137290 4.774064873 2.246828817 0.144778218 -0.275932626 -0.6330525 0.659998377 0.295817277
137356 4.7529461386 2.2844110554 0.1454564162 -0.2726360292 -0.639103051 0.6575671686 0.2912417872
137422 4.7317943292 2.3194421734 0.145575113 -0.2686730564 -0.6449732278 0.6549007122 0.2879743414
137488 4.709507692 2.3499931362 0.1463967124 -0.2660843556 -0.6481115642 0.6540182836 0.28532532
137554 4.68660158 2.3764364446 0.1482128724 -0.2680194818 -0.6491821634 0.6535638454 0.2821033398
137620 4.66187188 2.399811171 0.149829763 -0.269526119 -0.647217456 0.655769327 0.280056824
137686 4.634565554 2.42107917 0.1495734838 -0.2695141786 -0.6434037814 0.6592163204 0.280762132
137752 4.6049737946 2.4412151972 0.1464401112 -0.2692455174 -0.6399908134 0.6614333918 0.2835919866
137818 4.5735332842 2.4606777892 0.1412982698 -0.2696056302 -0.6386673646 0.6616469292 0.2857273672
137884 4.5401877154 2.4788178016 0.1363118774 -0.2709298558 -0.6385591366 0.660715541 0.2868696124
137950 4.505060505 2.495616942 0.133139635 -0.27225237 -0.638255768 0.659506527 0.289066363
138016 4.4710422878 2.5131453252 0.132292251 -0.271753119 -0.6405306176 0.6569287966 0.2903708176
138082 4.4391291004 2.5308802592 0.1338955162 -0.2719505416 -0.6422338942 0.6542380808 0.2924910826
138148 4.410235996 2.5481399648 0.1374689566 -0.2720156782 -0.6407755506 0.6552880486 0.2932775682
138214 4.3841706014 2.5665300714 0.1416632132 -0.2727880714 -0.6401157262 0.6565071446 0.291267599
138280 4.357921169 2.585907395 0.145025997 -0.273732002 -0.637517477 0.659952132 0.288280143
138346 4.3318742444 2.6077744382 0.1459655598 -0.273321049 -0.6345996972 0.6648055886 0.283922579
138412 4.3065597314 2.6334922244 0.1440462678 -0.2707827104 -0.6344792226 0.6684122328 0.2780965734
138478 4.2814878158 2.6631993774 0.1406101222 -0.2668483392 -0.6383744398 0.6693850274 0.2705427
138544 4.2553593412 2.6960306936 0.1371607082 -0.2609614208 -0.6413414058 0.6709587922 0.2653191448
138610 4.228892105 2.731409971 0.13531502 -0.253283836 -0.641612597 0.674987842 0.261862536
138676 4.2026348202 2.7684124052 0.1357937226 -0.2453920982 -0.6436390588 0.6771254766 0.2588672272
138742 4.1771560938 2.8049286892 0.1381749828 -0.24057138 -0.648638973 0.6756262448 0.2547974226
138808 4.1528912888 2.8395012534 0.1409804446 -0.2352903278 -0.6542356912 0.6742617382 0.248967741
138874 4.1287971862 2.8695757184 0.1427651274 -0.2300488708 -0.6564517206 0.6753830108 0.2449617856
138940 4.105641845 2.895017772 0.144010224 -0.229965456 -0.657984292 0.675692827 0.240024504
139006 4.0821994026 2.9169694832 0.1447950432 -0.2323535708 -0.6599009386 0.6750035964 0.2343341074
139072 4.0573756988 2.9362919096 0.1444205862 -0.232097795 -0.6616477492 0.6752270756 0.2289568
139138 4.0305434888 2.95268581 0.1420849382 -0.2303250348 -0.6607751442 0.6770177662 0.2279768884
139204 4.0027093716 2.9673316802 0.1371459222 -0.2275091424 -0.658805513 0.6794570786 0.2292441738
139270 3.973630405 2.980699291 0.130025346 -0.224820615 -0.658273295 0.680153341 0.231351232
139336 3.942578681 2.992152883 0.1223121172 -0.223435783 -0.6576410154 0.6799383466 0.2350925296
139402 3.9121852358 3.0044816582 0.116375315 -0.221725723 -0.661005064 0.677028266 0.2356747518
139468 3.8831089184 3.0176760932 0.1148024284 -0.2204517768 -0.6658346598 0.6728739294 0.235171661
139534 3.8544663898 3.0302232408 0.1188338848 -0.2214093486 -0.6684066378 0.6702420994 0.2344908798
139600 3.826889974 3.041974732 0.126139875 -0.223027611 -0.666543269 0.672310886 0.232329137
139666 3.8013754082 3.054761174 0.1337359752 -0.2238239406 -0.6661005154 0.6736884618 0.2288159824
139732 3.7757067078 3.0682514122 0.1397105148 -0.2229782192 -0.6651142272 0.6756865132 0.2266084858
139798 3.7491547126 3.0829075956 0.1430993832 -0.2209276368 -0.6618028682 0.6803214062 0.2244338448
139864 3.7222329334 3.1003162476 0.1434411198 -0.2193358832 -0.6601102896 0.6840777404 0.2195076402
139930 3.692947715 3.121173996 0.140486152 -0.217226148 -0.660441965 0.68602008 0.214489303
139996 3.6601442432 3.1458163246 0.1354897442 -0.212498692 -0.661018351 0.6878816936 0.211465432
140062 3.6245937026 3.1746801776 0.1314149264 -0.206546343 -0.6623239646 0.6891978516 0.2089776636
140128 3.5876843136 3.208241356 0.130119712 -0.1997068468 -0.6648715348 0.690008569 0.204819155
140194 3.5505865426 3.2437739498 0.1317181298 -0.1922121982 -0.6663974364 0.6918984356 0.2006121256
140260 3.515388022 3.278456692 0.134946909 -0.189517052 -0.669138867 0.691095237 0.196783728
140326 3.4820084986 3.3102422662 0.1381718248 -0.1876694442 -0.6720978068 0.6898390912 0.1928384274
140392 3.4499457038 3.3365533024 0.140376886 -0.1867531406 -0.6736107166 0.6892967172 0.19037286
140458 3.4206818264 3.3578380864 0.1416697524 -0.1900027288 -0.6750553202 0.6881837934 0.1860166776
140524 3.3921693918 3.3757855354 0.1404533898 -0.1928249456 -0.6760692868 0.6872101638 0.1830054424
140590 3.363702253 3.39145713 0.136997228 -0.192770442 -0.677739983 0.68659492 0.179152137
140656 3.3350798328 3.4041878402 0.133067303 -0.1932254188 -0.6800227602 0.6853900608 0.1745661772
140722 3.30511888 3.4141572024 0.1284234476 -0.1929688788 -0.6794370498 0.686450702 0.172955808
140788 3.2732421676 3.4230883182 0.123013932 -0.1904658708 -0.6766882078 0.6891267096 0.1758407254
140854 3.2393336184 3.43111134 0.1178872328 -0.1857694016 -0.6709806602 0.6948193902 0.180277842
140920 3.206291445 3.439502702 0.113989424 -0.182458783 -0.668510454 0.697580913 0.182163211
140986 3.1763624578 3.4504132154 0.1116424654 -0.179486197 -0.67355822 0.694413163 0.1785885852
141052 3.1474126936 3.4624403336 0.112057458 -0.1766844716 -0.679290719 0.6897606166 0.177698936
141118 3.1199342662 3.474485991 0.1167203538 -0.1716907422 -0.6771436176 0.693880741 0.1747224944
141184 3.0960447744 3.4877194932 0.1238231666 -0.1685819304 -0.6748687052 0.698434216 0.1682906348
141250 3.07270036 3.502055885 0.130461357 -0.166970632 -0.674689143 0.700456704 0.16209804
141316 3.0471981834 3.5185898948 0.1339842064 -0.163290912 -0.6731063588 0.7043478058 0.1554272072
141382 3.0196288094 3.538757184 0.133201442 -0.1606058188 -0.6722758004 0.7072212352 0.148623318
141448 2.9906181668 3.5633063574 0.1294025208 -0.1602720222 -0.6757011288 0.7056932492 0.1404905758
141514 2.9594225114 3.5911830452 0.1250540216 -0.1573157596 -0.6797437846 0.7034206028 0.1356443604
141580 2.927127446 3.621290446 0.122129989 -0.151349018 -0.681242354 0.703853079 0.132639256
141646 2.8944288694 3.6531244266 0.1208035156 -0.1437600256 -0.6830381102 0.7037014196 0.132649602
141712 2.862902039 3.6863200462 0.121274243 -0.1373973654 -0.686274364 0.7021452638 0.1309245906
141778 2.8334451774 3.7196349726 0.1225439552 -0.1331041256 -0.6904074036 0.7001108294 0.1243599474
141844 2.8048708918 3.7497802618 0.122430461 -0.1278167262 -0.6930947942 0.6994858202 0.1183293218
141910 2.776923526 3.774598779 0.121091565 -0.125452008 -0.695318008 0.698301662 0.114758224
141976 2.7499228812 3.794788256 0.1199139986 -0.128038809 -0.6990681468 0.6947495574 0.1106008382
142042 2.722267758 3.8111130346 0.1180973116 -0.1299842206 -0.7003497864 0.6936211334 0.1072565728
142108 2.6931203388 3.8236177436 0.114810465 -0.1308817818 -0.6980095872 0.6959712614 0.1061909762
142174 2.6630454642 3.8336694066 0.109640763 -0.1327527716 -0.6964228908 0.6972137492 0.1061358736
142240 2.632293043 3.842321004 0.103178895 -0.133893438 -0.696403818 0.696927438 0.106707147
142306 2.6010733442 3.8490209836 0.0969504704 -0.1348174672 -0.6934674988 0.6989016014 0.1116384366
142372 2.5706040634 3.8557513852 0.0933054524 -0.1341116016 -0.6894944908 0.7017831848 0.1187924994
142438 2.5420521326 3.8653566492 0.0944202938 -0.1303901572 -0.6936678776 0.6977608762 0.1222811274
142504 2.515900682 3.8746336308 0.0999484482 -0.124344618 -0.697075627 0.6955349332 0.1218807838
142570 2.492777458 3.883737262 0.106280213 -0.11906683 -0.695938553 0.698082307 0.119053408
142636 2.4706963264 3.8940095226 0.1108933524 -0.1151664134 -0.6930081018 0.702704389 0.1126162824
142702 2.4470973012 3.9063609854 0.1125693758 -0.1119128962 -0.6918109782 0.7059464426 0.1025292404
142768 2.4203932298 3.9206321732 0.1109748752 -0.1092762216 -0.6918018896 0.7076008608 0.093646379
142834 2.3901587878 3.9372504236 0.1068053472 -0.107422931 -0.6912659234 0.7091663898 0.0877191296
142900 2.35681967 3.956944294 0.101820792 -0.105967643 -0.692932688 0.708241612 0.083719579
142966 2.3219258378 3.9803458474 0.0977989772 -0.1022201584 -0.6955899214 0.7067992896 0.0783588986
143032 2.2860007716 4.0063425184 0.0950718552 -0.0940604818 -0.6965029928 0.7073927492 0.0750421296
143098 2.2508862244 4.0339276518 0.094161382 -0.0842479406 -0.6984692132 0.7069724768 0.0723362124
143164 2.219058495 4.0613060066 0.094919742 -0.0762892062 -0.7001339402 0.7069214106 0.0652219148
143230 2.190736437 4.087142855 0.095745283 -0.070997776 -0.702927074 0.70526786 0.058737471
143296 2.1657651544 4.1103608854 0.0957821826 -0.0691262782 -0.7049641424 0.7036231496 0.0562274578
143362 2.1447238444 4.131856038 0.0950758018 -0.0685633772 -0.7054567216 0.7032713968 0.0551290092
143428 2.1280754426 4.152192829 0.0938274756 -0.0682303924 -0.70519898 0.703766904 0.0524511448
143494 2.1150627844 4.171880268 0.0923676246 -0.0693973392 -0.7040478018 0.7049826704 0.0500001776
143560 2.105301236 4.192234127 0.0909445 -0.072154986 -0.70208339 0.70679647 0.048076198
143626 2.0976108118 4.2143517386 0.0891429768 -0.0738831776 -0.700012776 0.7086164598 0.0488469452
143692 2.091101572 4.2381995632 0.086696668 -0.0764386104 -0.6984971152 0.7096674892 0.0512923932
143758 2.0853889238 4.2643455648 0.0838722342 -0.0800747604 -0.6977131968 0.709925164 0.0528254118
143824 2.0811867486 4.2937791016 0.081522672 -0.0830564802 -0.7028903676 0.7045139156 0.0520192446
143890 2.078197975 4.324560587 0.079951173 -0.085558365 -0.711606258 0.695576405 0.049696727
143956 2.0752864656 4.3533258012 0.0790176294 -0.0895379036 -0.7158097092 0.6907689814 0.049370202
144022 2.0720134824 4.3814702718 0.079166484 -0.0925458814 -0.719469302 0.6865647752 0.0492739824
144088 2.0671235792 4.4081844902 0.0801518298 -0.0921476106 -0.7208829288 0.6851673872 0.0488084884
144154 2.0609147784 4.4316950108 0.0820087342 -0.093898578 -0.7182396084 0.6877146606 0.0486128672
144220 2.054326687 4.453341315 0.08393198 -0.099143061 -0.715971845 0.689462683 0.046863418
144286 2.0466236798 4.4749621648 0.084305602 -0.1023484482 -0.7164675914 0.6886520962 0.04424054
144352 2.0370863268 4.4960615818 0.082702151 -0.1040637382 -0.7168330236 0.68801835 0.0441801676
144418 2.0257608438 4.5183920534 0.0797944396 -0.1057744394 -0.7188554266 0.6856630274 0.0438720574
144484 2.0127346078 4.543072054 0.0759860454 -0.1075111712 -0.7214656324 0.6827775128 0.0417552012
144550 1.998018874 4.569458761 0.071120399 -0.108360894 -0.721598008 0.682495495 0.041882341
144616 1.9821551574 4.5975330338 0.0662453436 -0.1078004726 -0.7217916696 0.6821385348 0.0456369096
144682 1.9669606778 4.6259608988 0.0628431098 -0.1058345664 -0.72331176 0.6806223622 0.0487058686
144748 1.9539630704 4.6541568732 0.0613577282 -0.102418929 -0.726851949 0.6773235524 0.049287244
144814 1.9442111674 4.6814731382 0.0612547738 -0.0982354212 -0.7289718906 0.6757826858 0.047617623
144880 1.938196519 4.7067179 0.061335107 -0.094721512 -0.728087969 0.677355201 0.045887651
144946 1.9356311254 4.7303544422 0.0613194082 -0.0920283574 -0.7278400464 0.6778793606 0.047530537
145012 1.9366695614 4.7521687504 0.062447519 -0.0910289254 -0.7272304656 0.6784421092 0.0506534624
145078 1.940643671 4.7714439566 0.0646319962 -0.0925090776 -0.7232489284 0.682131291 0.0552240902
145144 1.9475132854 4.7901957664 0.0668209746 -0.0951640744 -0.718292893 0.6865992654 0.0598345692
145210 1.957364783 4.810000026 0.067999219 -0.098494014 -0.714566744 0.689565078 0.064755697
145276 1.9701277612 4.8304423314 0.068711015 -0.1016648224 -0.7114793638 0.691699084 0.0708052108
145342 1.985201358 4.8508289732 0.0699591718 -0.1076056902 -0.7084362104 0.6933252642 0.0764129938
145408 2.0014047864 4.872041417 0.0716098488 -0.114925762 -0.7082446168 0.6919720332 0.0797251044
145474 2.0165662656 4.893791955 0.0725200546 -0.119874859 -0.7099561778 0.6890650788 0.0823497212
145540 2.029975842 4.9152471 0.072873551 -0.120678765 -0.710302286 0.688218783 0.085218575
145606 2.0422844666 4.937230262 0.0742805474 -0.1190106814 -0.7126234574 0.685876798 0.0870469028
145672 2.0532181412 4.959610113 0.0776213134 -0.1150309932 -0.7131165272 0.6860535476 0.0869658276
145738 2.0626614782 4.98204309 0.0820924298 -0.1107095494 -0.7079469868 0.6924142352 0.0843591034
145804 2.0707016242 5.0057144436 0.0861065336 -0.1067212204 -0.7022125096 0.6995621142 0.0782328786
145870 2.076470045 5.030838789 0.088571067 -0.102879872 -0.69883913 0.704246266 0.071251663
145936 2.0792861796 5.057334151 0.0893062534 -0.1014073614 -0.6967227668 0.707130752 0.0652673488
146002 2.079276897 5.0856886072 0.088522459 -0.103102884 -0.695090701 0.7089162334 0.0604680062
146068 2.0762994954 5.1156875754 0.086464288 -0.1057615452 -0.6934785952 0.7102548222 0.0586515502
146134 2.0717925666 5.1465137732 0.084048631 -0.1068774228 -0.695002943 0.7084312908 0.0606064814
146200 2.06813611 5.175722802 0.083021807 -0.108240602 -0.696047289 0.706993958 0.062941933
146266 2.0660295518 5.2019845122 0.0836838722 -0.1106834758 -0.6948602382 0.7075281994 0.0657432166
146332 2.0653962528 5.2268003746 0.086253939 -0.113014551 -0.696072503 0.70558078 0.069760013
146398 2.066651652 5.2498807752 0.0903689212 -0.115724634 -0.695751095 0.7051484726 0.072826736
146464 2.0695217088 5.2708348604 0.0940828162 -0.1185006106 -0.6900770534 0.709761705 0.0773880114
146530 2.074032362 5.290564051 0.096759338 -0.121612377 -0.68413817 0.714274792 0.083527934
146596 2.0812259912 5.3096159624 0.098596002 -0.1255201088 -0.6810698022 0.7161249198 0.086911487
146662 2.0911333286 5.3280440256 0.0987399552 -0.1290648074 -0.6810261514 0.7152120534 0.0895392416
146728 2.1038488962 5.3463941754 0.096696851 -0.1321598636 -0.6830341858 0.7122236866 0.0934629052
146794 2.1192336214 5.3659027574 0.092928634 -0.1355177764 -0.6852207592 0.7087419624 0.0989544212
146860 2.137079946 5.38706555 0.088280052 -0.138640003 -0.685482589 0.7070056 0.105050708
146926 2.1571082432 5.409418985 0.0839793526 -0.1417088108 -0.6850911822 0.7057993218 0.1114258838
146992 2.1782311452 5.4321299042 0.0816663762 -0.1453945764 -0.6862849502 0.7031171644 0.1161870594
147058 2.1990029652 5.4551814742 0.0818124912 -0.1495619444 -0.6883306524 0.6998837384 0.1182997266
147124 2.2180052694 5.479283371 0.0839790136 -0.1521168258 -0.6900050034 0.6976334132 0.1185794138
147190 2.234257415 5.504756614 0.087338753 -0.151892163 -0.69190236 0.695460832 0.120557559
147256 2.2473957242 5.5296407312 0.0913707568 -0.1509240848 -0.6878077616 0.699085342 0.1241835434
147322 2.2594406962 5.5547058658 0.094909083 -0.1495840506 -0.681584855 0.7052617458 0.1251893754
147388 2.2711790762 5.5812270136 0.0963785788 -0.1465737838 -0.6792366408 0.708599482 0.1226392308
147454 2.281830064 5.6092103118 0.0954145952 -0.1425916176 -0.6804109876 0.7089289932 0.1188612446
147520 2.291495858 5.638840901 0.092809512 -0.141920143 -0.682727434 0.707737471 0.11335606
147586 2.3002694276 5.6707166976 0.0887273942 -0.144737088 -0.6851566096 0.7058082632 0.1069862712
147652 2.307578125 5.703885831 0.0831053552 -0.147691364 -0.6851567624 0.7056875094 0.1036946664
147718 2.3147047764 5.7385483598 0.0770621208 -0.1480734454 -0.6892078286 0.7017214232 0.1032159688
147784 2.3219827156 5.772057236 0.0725916194 -0.1467170198 -0.6968181982 0.6943008264 0.1042312104
147850 2.330242089 5.802793037 0.071657367 -0.146622752 -0.705243042 0.685539462 0.105686641
147916 2.3407044464 5.8302473918 0.0746045178 -0.1477246056 -0.7082726522 0.6823191908 0.1047272078
147982 2.3527609846 5.8545965834 0.0789237802 -0.146514672 -0.7040700474 0.6870439364 0.1038708666
148048 2.3658959378 5.8767622306 0.0825532836 -0.1446730292 -0.6993803832 0.6920927568 0.1046150306
148114 2.3797739868 5.8970579706 0.084770223 -0.1456370782 -0.6959394314 0.6950918322 0.1063267878
148180 2.394799423 5.917019242 0.085235028 -0.147448341 -0.693521332 0.696813812 0.108340482
148246 2.4119962068 5.9370982826 0.0844538416 -0.1497612578 -0.6921245616 0.6973534472 0.1106039336
148312 2.4320558366 5.9567875006 0.082955617 -0.1527206056 -0.6910510444 0.6970878728 0.1148617578
148378 2.4556374856 5.9770628472 0.0807304742 -0.1550170456 -0.6899256472 0.6967089206 0.1207014176
148444 2.4818510976 5.9981780058 0.0779683066 -0.1572267682 -0.6886488866 0.696213355 0.1277856212
148510 2.509887208 6.020259715 0.075699571 -0.159113815 -0.689282384 0.694534499 0.131127489
148576 2.5374075638 6.0425106306 0.07483683 -0.1594816864 -0.6926431172 0.6915969698 0.1284696628
148642 2.5628271842 6.0646824576 0.075719475 -0.1584000248 -0.6986802432 0.6863873658 0.1250098944
148708 2.5845343026 6.0859086356 0.0788254148 -0.1574723592 -0.7017689302 0.683581652 0.1242535498
148774 2.601826385 6.1059299508 0.0841073306 -0.1576515346 -0.6975371942 0.6875396648 0.1260021578
148840 2.616099591 6.126139429 0.090320432 -0.157865866 -0.69009265 0.694703021 0.127429253
148906 2.628554005 6.1468862636 0.0951637084 -0.15810538 -0.6844288688 0.7003212898 0.1269240936
148972 2.6397799296 6.1682184264 0.096627503 -0.1580401918 -0.6827599234 0.7020675578 0.1263460438
149038 2.6512015232 6.191205032 0.0946710082 -0.157257919 -0.6841277992 0.7012033154 0.124711519
149104 2.6631914892 6.2160273874 0.0895841008 -0.1572472816 -0.6869072394 0.6991295852 0.121034274
149170 2.676154263 6.243164848 0.082341945 -0.157408304 -0.690575756 0.696462218 0.115187371
149236 2.6895722976 6.27153439 0.075016579 -0.157717903 -0.696991302 0.6905948096 0.1113827884
149302 2.7025340156 6.2988037418 0.0703579744 -0.1580958634 -0.7054828796 0.682314525 0.1083795588
149368 2.7147674472 6.3228196314 0.069248501 -0.1594796232 -0.7104145512 0.6772105092 0.1061282452
149434 2.7272811188 6.3449472942 0.071348975 -0.1600780278 -0.7136026216 0.6736490312 0.1065049254
149500 2.740152831 6.363734622 0.075745451 -0.159140851 -0.710417545 0.677186013 0.106771743
149566 2.753222874 6.3790133526 0.0803531296 -0.1571911548 -0.70502877 0.6832194704 0.106940581
149632 2.7667951646 6.391549302 0.0835351152 -0.1559685864 -0.7026675898 0.685959715 0.1067301294
149698 2.7807959382 6.4017069248 0.0846243248 -0.1559592244 -0.7028862606 0.6857897794 0.1063954572
149764 2.7956075914 6.4106665598 0.0835660988 -0.1561049372 -0.7046093748 0.6838249666 0.1074253646
149830 2.811544691 6.418761308 0.081516317 -0.157121152 -0.705979198 0.681746488 0.110127388
149896 2.8290253316 6.425754442 0.0799546478 -0.1591531074 -0.7056426572 0.680939349 0.1142811388
149962 2.8479754198 6.431542617 0.0793376132 -0.1614883504 -0.7041055648 0.6811489982 0.1191335358
150028 2.8682411436 6.4365164676 0.079159629 -0.1650415016 -0.703488263 0.680311435 0.1226451246
150094 2.888749116 6.441101665 0.0784383302 -0.168997618 -0.7058116604 0.67674132 0.123655021
150160 2.908191121 6.446241231 0.076859424 -0.170481952 -0.710411579 0.67168083 0.122866417
150226 2.9247858804 6.4524158564 0.0749954014 -0.16832424 -0.7129976196 0.669454989 0.1230092688
150292 2.9373294268 6.4597628152 0.07470903 -0.1633008854 -0.70902758 0.6742021294 0.1267429212
150358 2.9463153516 6.4681285004 0.0776075954 -0.1593851378 -0.7034522164 0.6805647798 0.1287737956
150424 2.9530957814 6.4774285386 0.0827550172 -0.1591647646 -0.6999335728 0.6849489084 0.1249168374
150490 2.958636122 6.488092267 0.08735854 -0.16079686 -0.698329476 0.687482278 0.117679354
150556 2.962832293 6.500152702 0.089753235 -0.1624488872 -0.6977574946 0.6887608662 0.1111445784
150622 2.9652769928 6.5139908938 0.0900909234 -0.1620557384 -0.6973580046 0.6900969738 0.105810322
150688 2.9660338808 6.529972187 0.089168524 -0.1604091992 -0.6976840558 0.6908626974 0.101066706
150754 2.9658366138 6.5477801732 0.0877954694 -0.158951953 -0.6988335124 0.6907179212 0.0963048162
150820 2.965403284 6.566058788 0.086189601 -0.158182758 -0.700143054 0.690168658 0.091897457
150886 2.9657377584 6.5833121714 0.084459544 -0.1570376968 -0.7040834932 0.686909572 0.0880934392
150952 2.9672405858 6.598625713 0.0832336726 -0.1556634398 -0.70958888 0.6819460734 0.084863801
151018 2.970520244 6.6117159828 0.0839249828 -0.1572191294 -0.7131754282 0.6783709618 0.0804715668
151084 2.9745580104 6.6219947426 0.0861381508 -0.1590400926 -0.7113907198 0.6801339602 0.0777630452
151150 2.97819517 6.628943095 0.088876011 -0.160811919 -0.707280431 0.683962446 0.078033908
151216 2.9826952476 6.6330634226 0.0917305114 -0.16400869 -0.704020942 0.6865340038 0.0782727482
151282 2.9897181706 6.6354983576 0.0934733026 -0.1664679972 -0.7024354216 0.6874703876 0.0791033028
151348 3.0006734146 6.6366599426 0.093938481 -0.1673972142 -0.7016151024 0.6879918968 0.0798846704
151414 3.0164168194 6.6360221872 0.093676387 -0.1666699272 -0.7004724728 0.6892605828 0.0804939252
151480 3.037512107 6.633905299 0.093270827 -0.163926488 -0.700689585 0.689577765 0.081515133
151546 3.0638994436 6.630487696 0.0930582626 -0.1597010516 -0.7000371482 0.6910784122 0.0827889542
151612 3.0948817036 6.6257377252 0.0930581154 -0.155113432 -0.6975463832 0.6944309282 0.084465286
151678 3.130006538 6.6196875498 0.0935148052 -0.151609421 -0.6948061544 0.6977970722 0.0856630762
151744 3.1683822876 6.6121211006 0.0948125794 -0.1511703552 -0.6920155818 0.7004549726 0.087319632
151810 3.208871398 6.604405709 0.097090611 -0.152565016 -0.690973174 0.701180378 0.087327349
151876 3.2482111982 6.596731109 0.0988057676 -0.1525810024 -0.691636944 0.7005265284 0.0872921202
151942 3.2844334126 6.5887629948 0.0997537176 -0.1518972654 -0.6932735158 0.6989458386 0.0881688474
152008 3.3160715966 6.5804464274 0.1002166466 -0.149498081 -0.6952776448 0.697379275 0.0888897342
152074 3.342986165 6.571185149 0.1005526952 -0.1454169248 -0.6968165782 0.6967111136 0.0888489126
152140 3.365452129 6.55834745 0.101313935 -0.143383397 -0.694697802 0.698979798 0.090903284
152206 3.3846825414 6.542688832 0.1020172448 -0.142955164 -0.691493055 0.7019047354 0.0934388834
152272 3.4016936806 6.5249446526 0.1020743802 -0.143584317 -0.6900348362 0.7029276088 0.0955417498
152338 3.4178001436 6.505088415 0.1014325382 -0.1444161364 -0.6895210318 0.7031602428 0.0962828764
152404 3.4343512662 6.4829847784 0.1007620748 -0.1458756594 -0.6887183524 0.7038645814 0.094667394
152470 3.45255495 6.459353235 0.100882323 -0.146548784 -0.687590123 0.705253169 0.091439846
152536 3.473608133 6.4375089252 0.102617672 -0.145399371 -0.6919318266 0.702105742 0.084475712
152602 3.4963796356 6.4176740602 0.1043416982 -0.1405584718 -0.6965839526 0.699412575 0.0763929184
152668 3.5183285336 6.3996099292 0.1052954504 -0.135604528 -0.6988755734 0.69837452 0.07387352
152734 3.5383450774 6.3837261262 0.106115728 -0.1321614654 -0.6993953258 0.6982931166 0.0759351812
152800 3.55669321 6.368368393 0.106627281 -0.129950235 -0.698612993 0.6992013 0.078551676
152866 3.5758120674 6.3520755556 0.1064352742 -0.130054466 -0.697818614 0.699713427 0.080845903
152932 3.5982604632 6.3355327074 0.1054943844 -0.1338709252 -0.6997263248 0.6965875856 0.0850123984
152998 3.6252693178 6.3200445014 0.1034877806 -0.1374161128 -0.7000468874 0.6947573118 0.0914502998
153064 3.657664776 6.3050984312 0.1011098568 -0.1400282336 -0.6938513858 0.6993440398 0.0993943252
153130 3.696398245 6.290638069 0.099787369 -0.145844156 -0.68607463 0.705019556 0.104778384
153196 3.740767828 6.2775047666 0.1000125206 -0.1558071616 -0.6829651642 0.7059388472 0.1045574092
153262 3.7870908462 6.2661345734 0.100452302 -0.1636699084 -0.6872299822 0.7005988754 0.1004383908
153328 3.8292825742 6.2552036032 0.0993286104 -0.1669751436 -0.693087859 0.694477663 0.0972064228
153394 3.8645359084 6.2428501548 0.0975001152 -0.170180944 -0.6973395642 0.689312272 0.0980009308
153460 3.892523994 6.229494511 0.095345564 -0.168762612 -0.702010258 0.684384637 0.101579753
153526 3.9150124626 6.214779958 0.0933767026 -0.1621501456 -0.7064116436 0.6811735804 0.1034025934
153592 3.9361161516 6.198025278 0.091967313 -0.1580870732 -0.7092113336 0.6794693282 0.1017308008
153658 3.956812648 6.179046262 0.0899734072 -0.1577493994 -0.7111047902 0.6779338668 0.0992507052
153724 3.9770431684 6.158243778 0.0878752776 -0.1604142118 -0.7124040532 0.676667234 0.0941750726
153790 3.99517097 6.134103718 0.086184138 -0.164393993 -0.710126825 0.678704905 0.089744971
153856 4.0095455306 6.105254211 0.0856166938 -0.1681841534 -0.704076272 0.6841026816 0.0894079236
153922 4.0214024848 6.0740390646 0.0874375562 -0.1712543594 -0.698226772 0.6891550124 0.0906441082
153988 4.0320215366 6.0418502922 0.0922816672 -0.1750404196 -0.6921468336 0.694000912 0.09303822
154054 4.0432658316 6.012396327 0.0988853364 -0.1780514102 -0.6921774638 0.6931494572 0.0934434642
154120 4.055751578 5.986356359 0.105450403 -0.175588583 -0.693524723 0.693003039 0.089100488
154186 4.067722878 5.9625666798 0.1095454368 -0.1704789854 -0.6897958122 0.697784185 0.090638989
154252 4.079794728 5.9440209822 0.1121857208 -0.1657768492 -0.6879991308 0.7000362124 0.0955218056
154318 4.092100991 5.9291667634 0.115507321 -0.161414838 -0.686923353 0.701668826 0.0987028582
154384 4.104148202 5.9148240526 0.1188449658 -0.1573767682 -0.6845664742 0.7040806176 0.1042660876
154450 4.116905881 5.900679212 0.121528749 -0.155403817 -0.682480002 0.705438394 0.111478126
154516 4.1310716022 5.8868790336 0.1224961608 -0.1563607738 -0.6800180982 0.7064557354 0.1185186678
154582 4.1479103806 5.8745889128 0.1209190002 -0.1593384698 -0.6795035048 0.7051885498 0.1248806718
154648 4.1690201258 5.8641466428 0.1177423956 -0.1631623452 -0.6804034626 0.7023943932 0.1306560408
154714 4.196275198 5.855236298 0.115209053 -0.1691296734 -0.6805367328 0.6998738302 0.1357985094
154780 4.230384443 5.846578611 0.114376344 -0.175514326 -0.677506626 0.700792042 0.138094196
154846 4.2707597092 5.8387917416 0.1147034906 -0.181455541 -0.6740420568 0.7024836082 0.1387721262
154912 4.315514618 5.8322614734 0.1168882962 -0.1867796702 -0.6717399908 0.703690718 0.136740651
154978 4.3613061002 5.8262366 0.1199462444 -0.1890964832 -0.6724154152 0.7032343426 0.1325192438
155044 4.4052724948 5.8203230712 0.1224363196 -0.1917029232 -0.6773442136 0.6983076244 0.1296951734
155110 4.444822534 5.813209185 0.124342806 -0.195253353 -0.680476805 0.694405416 0.12895179
155176 4.478598586 5.8053144892 0.126010674 -0.1936057896 -0.681928821 0.6936065338 0.128061284
155242 4.5072882374 5.7952989566 0.1270757668 -0.1874163818 -0.6815424792 0.695418652 0.1294901046
155308 4.5326683408 5.781927415 0.1275693024 -0.1851503686 -0.6796044726 0.6970687058 0.1339858978
155374 4.5560772458 5.76603912 0.1274615216 -0.187332699 -0.6772462998 0.6979714438 0.138128783
155440 4.578070255 5.748157742 0.126011558 -0.191558229 -0.67482738 0.698214916 0.142861416
155506 4.599735861 5.7290542298 0.1234476192 -0.1975264232 -0.6733238424 0.6970898264 0.1472538108
155572 4.6209611256 5.7076018172 0.1210655392 -0.2054825068 -0.6692919926 0.697756364 0.1515282922
155638 4.6428347696 5.6845783904 0.1200193114 -0.2116194038 -0.6625179318 0.7021274522 0.1526561048
155704 4.6658756042 5.6603222566 0.121468565 -0.217539813 -0.6577812852 0.705293152 0.1502048896
155770 4.689183784 5.635994474 0.124116978 -0.221388657 -0.659814528 0.702648344 0.148044438
155836 4.7135334022 5.6128546384 0.1275030772 -0.2156428624 -0.6659602706 0.699752087 0.1426233122
155902 4.736900573 5.589714343 0.130437508 -0.2073493794 -0.6672935614 0.7011555242 0.1417966416
155968 4.760019794 5.5684858262 0.1331281072 -0.2030031618 -0.6666645276 0.7022819318 0.1454240004
156034 4.7833058464 5.5498724174 0.1355095808 -0.1994194292 -0.667409923 0.7022811146 0.1469592406
156100 4.806880782 5.532759336 0.136574028 -0.195878373 -0.668727033 0.70144269 0.149712961
156166 4.831977232 5.5159899442 0.1362592824 -0.1948318694 -0.6684973424 0.700694592 0.1554950856
156232 4.8608401472 5.5003818364 0.1351461206 -0.1959927552 -0.6679579296 0.6999615722 0.1596020042
156298 4.894364059 5.4856664036 0.133363136 -0.197740997 -0.6657288188 0.700879115 0.1627020872
156364 4.93291584 5.4705730668 0.1315566838 -0.2004622584 -0.6603253794 0.704485851 0.1657848604
156430 4.976602487 5.455057525 0.130751359 -0.207989778 -0.655608372 0.706175318 0.168030758
156496 5.0242595384 5.4399709042 0.1325417882 -0.2192328786 -0.6533420294 0.7050406176 0.1673263576
156562 5.072458783 5.4258023996 0.1362476208 -0.22788038 -0.6539953908 0.701937344 0.1662657396
156628 5.1168862944 5.4121877104 0.1409504072 -0.2348524566 -0.6538342072 0.699395995 0.1678992788
156694 5.1558239808 5.3987050978 0.1466561592 -0.2418455038 -0.6499240228 0.6999103012 0.1709818306
156760 5.189117994 5.386621711 0.152076363 -0.243717864 -0.647820535 0.700602413 0.173454363
156826 5.2171525462 5.3752205448 0.1556575688 -0.2395339898 -0.648146165 0.7008046872 0.1772077418
156892 5.2426597422 5.3619325584 0.1581185692 -0.2353973126 -0.6455958846 0.7037676664 0.1802913156
156958 5.2675638836 5.3464065908 0.1588659108 -0.2330351248 -0.6419199786 0.7074676516 0.1819967774
157024 5.2920816218 5.3293333842 0.1573588304 -0.231809434 -0.642123425 0.7072577812 0.1836524076
157090 5.315195214 5.310409621 0.154405321 -0.2321959 -0.644138488 0.704427823 0.186954845
157156 5.336178856 5.289197756 0.1514916944 -0.235151762 -0.6424312458 0.7037215604 0.1917326812
157222 5.3564015346 5.2668337064 0.1487423244 -0.2392465812 -0.6390230872 0.7041064484 0.1965821198
157288 5.3772910414 5.2423445816 0.1473420988 -0.2421491138 -0.6347636794 0.706711612 0.197477808
157354 5.3998236768 5.2154876778 0.1471948242 -0.2471460802 -0.6350827332 0.7046334916 0.1976865548
157420 5.425802664 5.188824586 0.149432649 -0.248399749 -0.643575246 0.698211229 0.191336216
157486 5.4522335074 5.1609987706 0.1532861974 -0.2407178726 -0.647752662 0.6986614504 0.1853182466
157552 5.47608771 5.1342068916 0.1559142558 -0.2318807282 -0.6458301966 0.7026115716 0.1883386702
157618 5.4987882852 5.1112880438 0.1585805122 -0.2293939328 -0.6471140262 0.7014447342 0.191303735
157684 5.5201248946 5.0897236722 0.1615265902 -0.2299343864 -0.6481603932 0.7003249172 0.1912152854
157750 5.54143975 5.067401277 0.1627009 -0.229916048 -0.647421242 0.70026382 0.193945683
157816 5.5649806184 5.0432399602 0.1620388812 -0.2302633652 -0.6449044292 0.7004775062 0.2010173738
157882 5.5918689948 5.0168951612 0.1610017002 -0.2307706978 -0.6418056042 0.7013768114 0.2071252484
157948 5.621785624 4.9886933512 0.1597511268 -0.2328200924 -0.6414888294 0.6992476172 0.2129305704
158014 5.6545387334 4.9598734736 0.1587363254 -0.2366791366 -0.643780793 0.6940501556 0.2186850756
158080 5.689408435 4.930949186 0.159752002 -0.241806897 -0.644768289 0.689925194 0.22317371
158146 5.7247659952 4.9021741178 0.163585307 -0.2485372158 -0.6432906758 0.687740582 0.2267572794
158212 5.758218048 4.8741707902 0.1692397966 -0.2562639382 -0.6399397876 0.6868107736 0.2304265908
158278 5.7890824934 4.8483684274 0.1740529522 -0.2642236738 -0.636003176 0.6854418806 0.236336289
158344 5.818596058 4.8261008786 0.1768507978 -0.2702980804 -0.6319507536 0.6852224516 0.2409297488
158410 5.848245098 4.807724265 0.177608184 -0.274598046 -0.629826716 0.685207311 0.241671601
158476 5.8775327908 4.7909907306 0.1764929238 -0.2785527868 -0.626761576 0.6869520326 0.2401560462
158542 5.9053802608 4.7749604106 0.1732079486 -0.284179239 -0.623263702 0.6876767754 0.2405930942
158608 5.9329035754 4.761843864 0.1681885624 -0.2873169934 -0.6226747936 0.6864038038 0.242022443
158674 5.9616238722 4.7525908648 0.1638402576 -0.286017066 -0.6232138716 0.6868823552 0.24081385
158740 5.991021571 4.745247389 0.161563883 -0.285051514 -0.621771877 0.688589161 0.240811826
158806 6.021780045 4.738159102 0.1615018766 -0.286783045 -0.6182829308 0.6902221414 0.2430534418
158872 6.0545087994 4.7313616068 0.163236347 -0.290861036 -0.6177588148 0.6888208034 0.2435150936
158938 6.0888614388 4.7244762484 0.165768495 -0.2948118716 -0.6226945132 0.6837705196 0.2404061146
159004 6.1222187058 4.7153467108 0.1687167886 -0.2965821344 -0.6269173536 0.6791914128 0.2402344582
159070 6.154848124 4.703934197 0.172309012 -0.295409974 -0.628394046 0.677171349 0.243501202
159136 6.1882511132 4.689755923 0.1761645418 -0.2925552758 -0.6272794912 0.6783168284 0.2466128932
159202 6.2219224496 4.6710212018 0.179114968 -0.2903685524 -0.623314794 0.681299497 0.2509891752
159268 6.255353901 4.6476405156 0.1804528398 -0.2903588208 -0.619102566 0.682878485 0.257061308
159334 6.2882021124 4.6211890056 0.1804098704 -0.2919403322 -0.6168118832 0.6806931636 0.2664020838
159400 6.321044398 4.593684907 0.18151389 -0.294558072 -0.613629067 0.679010601 0.275026387
159466 6.3564192488 4.5676076718 0.1846328576 -0.29707404 -0.610887834 0.6794336636 0.2773677416
159532 6.3923757464 4.5435979786 0.1886576498 -0.2991951526 -0.608024994 0.6811053044 0.2772784874
159598 6.429481042 4.522772168 0.1928547676 -0.3028115752 -0.610483615 0.6792979736 0.272339794
159664 6.4639185872 4.5048750438 0.196234767 -0.30467737 -0.6120669838 0.677340137 0.2715805606
159730 6.495245886 4.490657413 0.198156627 -0.300944115 -0.610598583 0.678865276 0.275216184
159796 6.5250277842 4.480462116 0.1984242552 -0.2961459112 -0.6104509042 0.6796112514 0.2788828936
159862 6.5547819102 4.4734586632 0.1975596982 -0.292677054 -0.612738651 0.6782698984 0.2807869794
159928 6.5857888042 4.4689495348 0.1963630326 -0.2915747732 -0.616443006 0.6752404652 0.2811270794
159994 6.618432055 4.4655685754 0.1957208894 -0.2903133196 -0.6187137736 0.6742893164 0.279723639
160060 6.652095487 4.462310784 0.196091351 -0.288030439 -0.61874466 0.675937691 0.278031924
160126 6.6851799124 4.4582856946 0.1980458514 -0.28786846 -0.6185742974 0.6768198672 0.2764278664
160192 6.7182002754 4.4542420178 0.200338827 -0.2896133082 -0.623514707 0.6732880694 0.2720962376
160258 6.7506402222 4.4496605116 0.201571929 -0.2912278826 -0.6295728848 0.6683409576 0.2685971694
160324 6.7836591892 4.4444422522 0.2021988814 -0.2942632708 -0.6344972588 0.6633818364 0.2659822844
160390 6.817217719 4.438187332 0.202505934 -0.299108537 -0.635024106 0.660381157 0.266786797
160456 6.8504331468 4.4302478888 0.2017857738 -0.3032702708 -0.6287650114 0.662040274 0.272733679
160522 6.8842190002 4.4198376228 0.200241965 -0.3066064878 -0.6226818104 0.6633303956 0.2797363384
160588 6.9198336782 4.4057934416 0.1982673244 -0.3098441878 -0.621080541 0.6609602156 0.2852838424
160654 6.9578942702 4.3875305512 0.1963643956 -0.312899037 -0.6207918082 0.6574058954 0.2907387682
160720 6.997954029 4.364880315 0.195467771 -0.315096703 -0.616375711 0.65815865 0.296010543
160786 7.0394856452 4.3394005242 0.19563399 -0.3167901106 -0.608389246 0.6625576838 0.3008706494
160852 7.0814394992 4.3138593992 0.1964383306 -0.3194312592 -0.601555142 0.6658008342 0.3046378292
160918 7.1243771164 4.2899310842 0.1984538004 -0.3233323204 -0.6018281976 0.6644930132 0.3028327722
160984 7.1672036462 4.2689371664 0.2011512334 -0.3264370764 -0.6095016338 0.6584946554 0.2972052034
161050 7.205398327 4.250565032 0.202952853 -0.325611742 -0.612546758 0.655330139 0.298840879
161116 7.2411816594 4.235933661 0.2042031706 -0.3235081058 -0.6112914182 0.6561933852 0.3017871542
161182 7.2761327418 4.2254201228 0.205125977 -0.3201233842 -0.6110463342 0.658232483 0.3014519424
161248 7.3106377694 4.2177328242 0.2051928294 -0.315944092 -0.6130377154 0.6596328994 0.2987447572
161314 7.3447452334 4.2114636098 0.2039737468 -0.3115412868 -0.6142404858 0.6612765518 0.2972605462
161380 7.380499204 4.206601887 0.202567505 -0.308448287 -0.615496212 0.663279324 0.29340178
161446 7.4174687994 4.2021409996 0.2018782588 -0.3050869294 -0.6157458318 0.6679343466 0.285731044
161512 7.4539060502 4.1977953304 0.2015011938 -0.3035595546 -0.621133412 0.6671453458 0.2774195036
161578 7.4871995826 4.192173829 0.201135364 -0.3044789934 -0.6276926484 0.6611429946 0.2760147492
161644 7.5188923518 4.1853567614 0.201106942 -0.3060739282 -0.631251279 0.6559843492 0.2784330714
161710 7.550506914 4.17825934 0.201657181 -0.306602441 -0.63275196 0.653440939 0.280419043
161776 7.5823120474 4.169851633 0.202625417 -0.303650271 -0.631856793 0.6549106958 0.282215115
161842 7.6148846878 4.1590148156 0.2036830774 -0.3016849708 -0.6300152388 0.656137159 0.2855711316
161908 7.6482810136 4.1450604662 0.2040576188 -0.3007085004 -0.625486651 0.658611337 0.2908121822
161974 7.6832573688 4.1280732784 0.2035130758 -0.3010227926 -0.6211222538 0.660563078 0.2953789388
162040 7.719773255 4.107988219 0.202663005 -0.302698135 -0.618529716 0.660877969 0.298387567
162106 7.757327247 4.0853423602 0.2021852888 -0.305717023 -0.6161764614 0.6605793858 0.3008295164
162172 7.7951610898 4.0613723668 0.2022741714 -0.31032363 -0.6127426142 0.6611852786 0.3017940326
162238 7.832247543 4.0380767834 0.2030525914 -0.3152664804 -0.6107146838 0.6613836922 0.3003433658
162304 7.8664891024 4.0160391176 0.2048953284 -0.3204594962 -0.6109103712 0.660043688 0.297381979
162370 7.898002138 3.99580515 0.207841393 -0.325284151 -0.61530192 0.655859469 0.292304849
162436 7.9239828766 3.9771235776 0.2106318602 -0.3257036496 -0.6169667258 0.6542344758 0.2919698992
162502 7.9452638158 3.9604017884 0.212925121 -0.3234443416 -0.616463761 0.654957459 0.293916406
162568 7.9612374926 3.944782991 0.2140930352 -0.320267555 -0.6163043184 0.6552978968 0.2969550018
162634 7.9718455164 3.9289516376 0.2141313422 -0.3182334372 -0.615747785 0.6556381554 0.2995341792
162700 7.978479962 3.912578679 0.212803422 -0.319828176 -0.616547636 0.653272708 0.301353149
162766 7.9823810968 3.8954107786 0.2111177936 -0.3236620918 -0.6179034614 0.6501707784 0.3011910082
162832 7.983149865 3.877109419 0.2095856962 -0.3266892282 -0.6171417212 0.6486246718 0.3028138692
162898 7.9822548968 3.8576962024 0.2086725562 -0.3284566446 -0.6156661004 0.6486863278 0.3037721548
162964 7.9817694652 3.8374505456 0.2087702114 -0.3289900878 -0.6134406186 0.6505218388 0.3037718608
163030 7.982923527 3.816948399 0.209375024 -0.327918517 -0.611498191 0.652564115 0.3044659
163096 7.9876387708 3.7971925438 0.210358237 -0.3258165418 -0.6140513802 0.6520253498 0.3027330668
163162 7.994375113 3.7779155454 0.2111794878 -0.322951546 -0.6168257188 0.6503364458 0.3037939146
163228 8.0031742082 3.759595281 0.211466787 -0.3202917718 -0.6173185622 0.6489486648 0.308539242
163294 8.0149540998 3.7423237318 0.2118402872 -0.319125133 -0.616964297 0.6472708454 0.3139337624
163360 8.029205663 3.724821365 0.21208228 -0.318322824 -0.614183587 0.646931241 0.320825608
163426 8.0475747616 3.7068981728 0.2120010808 -0.318603684 -0.6115412014 0.6454418762 0.3285017616
163492 8.0698679704 3.6884145702 0.2121845886 -0.3206428354 -0.6087967396 0.6428004958 0.3366926474
163558 8.0957802424 3.6691303368 0.2129481004 -0.3234924894 -0.60556839 0.641362812 0.342480877
163624 8.122850897 3.648948629 0.2135324934 -0.3267852988 -0.603998398 0.6399912886 0.344685926
163690 8.147768672 3.628856328 0.213721801 -0.330306131 -0.602698193 0.639051273 0.345349415
163756 8.1694591868 3.6110400542 0.2139316686 -0.3350763476 -0.6026549234 0.6373191594 0.3440275766
163822 8.1869676242 3.597138752 0.2145130242 -0.3389172432 -0.603565378 0.6357884316 0.3414922756
163888 8.1999561734 3.5873454916 0.2147718148 -0.3380268716 -0.6045583672 0.6363197228 0.339623592
163954 8.209002251 3.5803206692 0.2140333262 -0.3338498664 -0.6059404166 0.6376650772 0.3387677514
164020 8.214814501 3.574828761 0.21290153 -0.330325978 -0.607598773 0.6390161 0.336700018
164086 8.2184100804 3.5705023324 0.211977353 -0.3280395772 -0.6095607706 0.6402254386 0.3330720262
164152 8.2207018278 3.5673676216 0.2108481104 -0.3277508024 -0.612248814 0.63934322 0.3301075748
164218 8.2223095314 3.5641295436 0.2102820046 -0.3293704556 -0.6124694964 0.6396382954 0.3275042386
164284 8.2235754344 3.5612056104 0.2099771944 -0.331124084 -0.6126660984 0.6393283054 0.3259699486
164350 8.224241621 3.55857422 0.209453101 -0.330867745 -0.613036131 0.639219881 0.325747112
164416 8.2246438682 3.5556754368 0.2089466074 -0.3313500256 -0.6130271064 0.638759861 0.3261759546
164482 8.2248387394 3.5529679814 0.2082566366 -0.3323107688 -0.6132533352 0.6375436828 0.3271512582
164548 8.224727411 3.5505135772 0.2079607956 -0.3325494148 -0.6127773124 0.6374828632 0.3279183482
164614 8.2246005788 3.5483210274 0.2078724292 -0.3327385766 -0.6122976736 0.637358523 0.3288627428
164680 8.224112517 3.546238015 0.207707813 -0.333167169 -0.611930228 0.636757958 0.330273125
164746 8.2237147544 3.5444881296 0.207306772 -0.3339889508 -0.6128370874 0.6353720304 0.3304306614
164812 8.2235615744 3.5432239 0.2067353216 -0.3351831532 -0.6148429588 0.6335023208 0.3290822958
164878 8.2233924278 3.5423907468 0.2062998326 -0.3361196186 -0.616315746 0.6322005546 0.3278733704
164944 8.2229586302 3.541714741 0.2061184768 -0.3355640446 -0.6159841546 0.632029969 0.3293909326
165010 8.222414865 3.541014054 0.206525657 -0.335398387 -0.615431348 0.631877603 0.330881963
165076 8.2220510366 3.540364698 0.2071048302 -0.3354359434 -0.6160914628 0.631154477 0.3309955362
165142 8.2216920052 3.5398225 0.207277463 -0.3352160868 -0.6168094102 0.6303913988 0.3313351928
165208 8.2218411346 3.5396289274 0.2073064882 -0.3348608154 -0.6171261942 0.6301995132 0.3314695566
165274 8.222454738 3.5396866834 0.2073627216 -0.3344821686 -0.6173216342 0.6303214812 0.3312559542
165340 8.223154395 3.539634002 0.207705152 -0.334750854 -0.617233378 0.630709698 0.330408988
165406 8.2237980432 3.5395685144 0.2080086344 -0.3353337958 -0.6166936092 0.6311879502 0.3299121118
165472 8.224548172 3.5398165326 0.207802762 -0.3354714928 -0.616195911 0.6315856708 0.3299409298
165538 8.2253237298 3.5403111574 0.2071290582 -0.3350710888 -0.6159008268 0.6318798526 0.3303352636
165604 8.2260283742 3.540812138 0.2062613174 -0.33526038 -0.6160571988 0.631636901 0.3303162304
165670 8.227065306 3.541433014 0.205317188 -0.335720287 -0.617441465 0.630216596 0.329977224
165736 8.2280881314 3.5418805592 0.2044653464 -0.3354675174 -0.6177767888 0.6296508862 0.3306858552
165802 8.2292823048 3.542249008 0.2038339626 -0.3350347526 -0.617545806 0.6297651998 0.3313377198
165868 8.230615322 3.5428021644 0.2033917272 -0.3350245302 -0.617848327 0.6293400084 0.3315918592
165934 8.2317379442 3.5434095752 0.2032157664 -0.3345987108 -0.6177241888 0.6297058506 0.3315585394
166000 8.232806579 3.54422392 0.202928956 -0.333933801 -0.618543159 0.629232866 0.331600026
166066 8.2337773486 3.5450509888 0.2026448964 -0.3333951422 -0.619758378 0.628037584 0.3321385234
166132 8.2347700912 3.5458450872 0.2028413546 -0.3329525542 -0.6202503204 0.627598688 0.3324936398
166198 8.235590865 3.5466522208 0.2036023552 -0.332834704 -0.6193721142 0.6280982812 0.333304335
166264 8.2369310344 3.547609644 0.2048056402 -0.3328397046 -0.6184098666 0.628889637 0.3335937398
166330 8.238363456 3.548482469 0.206093367 -0.332970592 -0.617389494 0.629755802 0.333719085
166396 8.2396997878 3.5495190894 0.2069666988 -0.3329124802 -0.6168618062 0.629913945 0.3344535974
166462 8.241082671 3.5507379558 0.20736376 -0.3327252682 -0.6167476974 0.629777157 0.3351072908
166528 8.2423831716 3.5519229192 0.2073693324 -0.3330178744 -0.6164937298 0.6294007454 0.3359899856
166594 8.2435082848 3.5529637218 0.207229198 -0.333837571 -0.61566567 0.6291255762 0.3372080374
166660 8.245049879 3.55404005 0.207103147 -0.334510212 -0.615530764 0.628770016 0.33745083
166726 8.2466608312 3.5552275952 0.2066255812 -0.3354350402 -0.616402741 0.6270301892 0.3381776478
166792 8.2482821382 3.5563405098 0.2057948338 -0.3362527162 -0.6173322884 0.6249779676 0.3394664444
166858 8.2501550214 3.55733892 0.2047457706 -0.3370998508 -0.6173649276 0.6236384996 0.3410267312
166924 8.2521250612 3.5583811952 0.2033759394 -0.3381251644 -0.6172130872 0.6221401168 0.3430175246
166990 8.25384224 3.559495077 0.201369286 -0.339137739 -0.617568696 0.619941983 0.345349731
167056 8.255466188 3.5604136878 0.198525497 -0.3391412954 -0.6183450604 0.6179701836 0.3474843156
167122 8.2572658266 3.5610292266 0.1944910826 -0.3397224246 -0.6206609304 0.6141894964 0.3494851404
167188 8.2597710192 3.5614895216 0.1902118156 -0.3404707018 -0.6238307694 0.6105783572 0.3494407218
167254 8.262025333 3.5620020714 0.1863606018 -0.3407126402 -0.6263428334 0.6074470234 0.3501679898
167320 8.263338948 3.562438169 0.18337232 -0.340337949 -0.628245687 0.604958882 0.351428782
167386 8.2646769176 3.5628977528 0.1813966494 -0.339578567 -0.6299692688 0.6031791378 0.3521363716
