104356
104422
104488
104554
104620
104686
104752
104818
104884
104950
105016
105082
105148
105214
105280
105346
105412
105478
105544
105610
105676
105742
105808
105874
105940
106006
106072
106138
106204
106270
106336
106402
106468
106534
106600
106666
106732
106798
106864
106930
106996
107062
107128
107194
107260
107326
107392
107458
107524
107590
107656
107722
107788
107854
107920
107986
108052
108118
108184
108250
108316
108382
108448
108514
108580
108646
108712
108778
108844
108910
108976
109042
109108
109174
109240
109306
109372
109438
109504
109570
109636
109702
109768
109834
109900
109966
110032
110098
110164
110230
110296
110362
110428
110494
110560
110626
110692
110758
110824
110890
110956
111022
111088
111154
111220
111286
111352
111418
111484
111550
111616
111682
111748
111814
111880
111946
112012
112078
112144
112210
112276
112342
112408
112474
112540
112606
112672
112738
112804
112870
112936
113002
113068
113134
113200
113266
113332
113398
113464
113530
113596
113662
113728
113794
113860
113926
113992
114058
114124
114190
114256
114322
114388
114454
114520
114586
114652
114718
114784
114850
114916
114982
115048
115114
115180
115246
115312
115378
115444
115510
115576
115642
115708
115774
115840
115906
115972
116038
116104
116170
116236
116302
116368
116434
116500
116566
116632
116698
116764
116830
116896
116962
117028
117094
117160
117226
117292
117358
117424
117490
117556
117622
117688
117754
117820
117886
117952
118018
118084
118150
118216
118282
118348
118414
118480
118546
118612
118678
118744
118810
118876
118942
119008
119074
119140
119206
119272
119338
119404
119470
119536
119602
119668
119734
119800
119866
119932
119998
120064
120130
120196
120262
120328
120394
120460
120526
120592
120658
120724
120790
120856
120922
120988
121054
121120
121186
121252
121318
121384
121450
121516
121582
121648
121714
121780
121846
121912
121978
122044
122110
122176
122242
122308
122374
122440
122506
122572
122638
122704
122770
122836
122902
122968
123034
123100
123166
123232
123298
123364
123430
123496
123562
123628
123694
123760
123826
123892
123958
124024
124090
124156
124222
124288
124354
124420
124486
124552
124618
124684
124750
124816
124882
124948
125014
125080
125146
125212
125278
125344
125410
125476
125542
125608
125674
125740
125806
125872
125938
126004
126070
126136
126202
126268
126334
126400
126466
126532
126598
126664
126730
126796
126862
126928
126994
127060
127126
127192
127258
127324
127390
127456
127522
127588
127654
127720
127786
127852
127918
127984
128050
128116
128182
128248
128314
128380
128446
128512
128578
128644
128710
128776
128842
128908
128974
129040
129106
129172
129238
129304
129370
129436
129502
129568
129634
129700
129766
129832
129898
129964
130030
130096
130162
130228
130294
130360
130426
130492
130558
130624
130690
130756
130822
130888
130954
131020
131086
131152
131218
131284
131350
131416
131482
131548
131614
131680
131746
131812
131878
131944
132010
132076
132142
132208
132274
132340
132406
132472
132538
132604
132670
132736
132802
132868
132934
133000
133066
133132
133198
133264
133330
133396
133462
133528
133594
133660
133726
133792
133858
133924
133990
134056
134122
134188
134254
134320
134386
134452
134518
134584
134650
134716
134782
134848
134914
134980
135046
135112
135178
135244
135310
135376
135442
135508
135574
135640
135706
135772
135838
135904
135970
136036
136102
136168
136234
136300
136366
136432
136498
136564
136630
136696
136762
136828
136894
136960
137026
137092
137158
137224
137290
137356
137422
137488
137554
137620
137686
137752
137818
137884
137950
138016
138082
138148
138214
138280
138346
138412
138478
138544
138610
138676
138742
138808
138874
138940
139006
139072
139138
139204
139270
139336
139402
139468
139534
139600
139666
139732
139798
139864
139930
139996
140062
140128
140194
140260
140326
140392
140458
140524
140590
140656
140722
140788
140854
140920
140986
141052
141118
141184
141250
141316
141382
141448
141514
141580
141646
141712
141778
141844
141910
141976
142042
142108
142174
142240
142306
142372
142438
142504
142570
142636
142702
142768
142834
142900
142966
143032
143098
143164
143230
143296
143362
143428
143494
143560
143626
143692
143758
143824
143890
143956
144022
144088
144154
144220
144286
144352
144418
144484
144550
144616
144682
144748
144814
144880
144946
145012
145078
145144
145210
145276
145342
145408
145474
145540
145606
145672
145738
145804
145870
145936
146002
146068
146134
146200
146266
146332
146398
146464
146530
146596
146662
146728
146794
146860
146926
146992
147058
147124
147190
147256
147322
147388
147454
147520
147586
147652
147718
147784
147850
147916
147982
148048
148114
148180
148246
148312
148378
148444
148510
148576
148642
148708
148774
148840
148906
148972
149038
149104
149170
149236
149302
149368
149434
149500
149566
149632
149698
149764
149830
149896
149962
150028
150094
150160
150226
150292
150358
150424
150490
150556
150622
150688
150754
150820
150886
150952
151018
151084
151150
151216
151282
151348
151414
151480
151546
151612
151678
151744
151810
151876
151942
152008
152074
152140
152206
152272
152338
152404
152470
152536
152602
152668
152734
152800
152866
152932
152998
153064
153130
153196
153262
153328
153394
153460
153526
153592
153658
153724
153790
153856
153922
153988
154054
154120
154186
154252
154318
154384
154450
154516
154582
154648
154714
154780
154846
154912
154978
155044
155110
155176
155242
155308
155374
155440
155506
155572
155638
155704
155770
155836
155902
155968
156034
156100
156166
156232
156298
156364
156430
156496
156562
156628
156694
156760
156826
156892
156958
157024
157090
157156
157222
157288
157354
157420
157486
157552
157618
157684
157750
157816
157882
157948
158014
158080
158146
158212
158278
158344
158410
158476
158542
158608
158674
158740
158806
158872
158938
159004
159070
159136
159202
159268
159334
159400
159466
159532
159598
159664
159730
159796
159862
159928
159994
160060
160126
160192
160258
160324
160390
160456
160522
160588
160654
160720
160786
160852
160918
160984
161050
161116
161182
161248
161314
161380
161446
161512
161578
161644
161710
161776
161842
161908
161974
162040
162106
