117028
117094
117160
117226
117292
117358
117424
117490
117556
117622
117688
117754
117820
117886
117952
118018
118084
118150
118216
118282
118348
118414
118480
118546
118612
118678
118744
118810
118876
118942
119008
119074
119140
119206
119272
119338
119404
119470
119536
119602
119668
119734
119800
119866
119932
119998
120064
120130
120196
120262
120328
120394
120460
120526
120592
120658
120724
120790
120856
120922
120988
121054
121120
121186
121252
121318
121384
121450
121516
121582
121648
121714
121780
121846
121912
121978
122044
122110
122176
122242
122308
122374
122440
122506
122572
122638
122704
122770
122836
122902
122968
123034
123100
123166
123232
123298
123364
123430
123496
123562
123628
123694
123760
123826
123892
123958
124024
124090
124156
124222
124288
124354
124420
124486
124552
124618
124684
124750
124816
124882
124948
125014
125080
125146
125212
125278
125344
125410
125476
125542
125608
125674
125740
125806
125872
125938
126004
126070
126136
126202
126268
126334
126400
126466
126532
126598
126664
126730
126796
126862
126928
126994
127060
127126
127192
127258
127324
127390
127456
127522
127588
127654
127720
127786
127852
127918
127984
128050
128116
128182
128248
128314
128380
128446
128512
128578
128644
128710
128776
128842
128908
128974
129040
129106
129172
129238
129304
129370
129436
129502
129568
129634
129700
129766
129832
129898
129964
130030
130096
130162
130228
130294
130360
130426
130492
130558
130624
130690
130756
130822
130888
130954
131020
131086
131152
131218
131284
131350
131416
131482
131548
131614
131680
131746
131812
131878
131944
132010
132076
132142
132208
132274
132340
132406
132472
132538
132604
132670
132736
132802
132868
132934
133000
133066
133132
133198
133264
133330
133396
133462
133528
133594
133660
133726
133792
133858
133924
133990
134056
134122
134188
134254
134320
134386
134452
134518
134584
134650
134716
134782
134848
134914
134980
135046
135112
135178
135244
135310
135376
135442
135508
135574
135640
135706
135772
135838
135904
135970
136036
136102
136168
136234
136300
136366
136432
136498
136564
136630
136696
136762
136828
136894
136960
137026
137092
137158
137224
137290
137356
137422
137488
137554
137620
137686
137752
137818
137884
137950
138016
138082
138148
138214
138280
138346
138412
138478
138544
138610
138676
138742
138808
138874
138940
139006
139072
139138
139204
139270
139336
139402
139468
139534
139600
139666
139732
139798
139864
139930
139996
140062
140128
140194
140260
140326
140392
140458
140524
140590
140656
140722
140788
140854
140920
140986
141052
141118
141184
141250
141316
141382
141448
141514
141580
141646
141712
141778
141844
141910
141976
142042
142108
142174
142240
142306
142372
142438
142504
142570
142636
142702
142768
142834
142900
142966
143032
143098
143164
143230
143296
143362
143428
143494
143560
143626
143692
143758
143824
143890
143956
144022
144088
144154
144220
144286
144352
144418
144484
144550
144616
144682
144748
144814
144880
144946
145012
145078
145144
145210
145276
145342
145408
145474
145540
145606
145672
145738
145804
145870
145936
146002
146068
146134
146200
146266
146332
146398
146464
146530
146596
146662
146728
146794
146860
146926
146992
147058
147124
147190
147256
147322
147388
147454
147520
147586
147652
147718
147784
147850
147916
147982
148048
148114
148180
148246
148312
148378
148444
148510
148576
148642
148708
148774
148840
148906
148972
149038
149104
149170
149236
149302
149368
149434
149500
149566
149632
149698
149764
149830
149896
149962
150028
150094
150160
150226
150292
150358
150424
150490
150556
150622
150688
150754
150820
150886
150952
151018
151084
151150
151216
151282
151348
151414
151480
151546
151612
151678
151744
151810
