106006 -3.81593760588 1.59702617301 0.158152671104 -0.374862111794 0.554806560886 -0.594466881607 0.445283243594
106072 -3.81939805213 1.6053910686 0.158072188528 -0.375111699358 0.556569052569 -0.593535371309 0.444114675176
106138 -3.82413646053 1.61202475262 0.157036805231 -0.377779786869 0.55623001952 -0.593241892754 0.44266758844
106204 -3.82951616274 1.61793128124 0.154906805398 -0.37961863503 0.552876935897 -0.595212587599 0.442649583898
106270 -3.8351487435 1.62398225622 0.153458653553 -0.378365707149 0.55194187796 -0.596674460152 0.442921148298
106336 -3.84273544238 1.62974110507 0.153240929912 -0.37854814999 0.554616343791 -0.593636613809 0.443505810351
106402 -3.85404388055 1.63441800565 0.152131832954 -0.38148225769 0.557287978174 -0.590343119671 0.442036540854
106468 -3.86976960089 1.63851609649 0.150446769718 -0.384880513249 0.557876168803 -0.588714668025 0.440518067704
106534 -3.8898701571 1.64200715545 0.149725186111 -0.386625370309 0.555552269823 -0.587779179247 0.44316805994
106600 -3.91370163205 1.64409636053 0.150479199772 -0.387349596497 0.550302233321 -0.587451165358 0.449476217852
106666 -3.94049848628 1.6446081235 0.15197566286 -0.388850116209 0.54538000366 -0.586492802309 0.455392312456
106732 -3.96859266634 1.64441409035 0.153429872323 -0.391781942105 0.54243064344 -0.583951951481 0.459647623939
106798 -3.99593863581 1.64358857918 0.154152341758 -0.394528301844 0.54320976289 -0.581893364921 0.458988634368
106864 -4.0226282092 1.64308435114 0.154225437091 -0.397032267216 0.547326338478 -0.57959665658 0.454826087567
106930 -4.04827130785 1.64367475395 0.154814403359 -0.398699683141 0.550167101644 -0.577543887232 0.45254588856
106996 -4.07219317899 1.64575798463 0.156792951504 -0.399203425845 0.550198191978 -0.576332090312 0.453607602965
107062 -4.09383503563 1.64960587079 0.159650557933 -0.398086696702 0.548776371983 -0.575791215063 0.456985619726
107128 -4.11319601982 1.65515332778 0.162154742573 -0.396261958056 0.547117159723 -0.575285662117 0.461178507969
107194 -4.13046592121 1.66176948991 0.163807656585 -0.394692099479 0.547047133271 -0.574423735673 0.463675455432
107260 -4.1454754707 1.66923369154 0.164138445734 -0.394085755291 0.547171499291 -0.574627648305 0.463791799888
107326 -4.15919212664 1.67792347552 0.163122767416 -0.394591969691 0.547910780143 -0.575346455338 0.461592197979
107392 -4.17330517547 1.68828469161 0.161125382318 -0.39508284758 0.548051376025 -0.576495001573 0.459567987083
107458 -4.18888265551 1.70083215666 0.159229245919 -0.394477751491 0.546907766267 -0.577469926239 0.460225676454
107524 -4.20609963308 1.71595383996 0.158305184629 -0.394235720164 0.547533218794 -0.576054285771 0.461461770141
107590 -4.22336783661 1.73255386583 0.158244071874 -0.393597435045 0.550975658616 -0.573495315016 0.461096526113
107656 -4.24080904258 1.74857474574 0.157353123029 -0.393751974523 0.555343989043 -0.572229387781 0.457280789177
107722 -4.25909875427 1.76334941809 0.155594117187 -0.395934831116 0.55918103466 -0.570482852866 0.452881159295
107788 -4.27736336954 1.77650876811 0.154131621539 -0.398117672741 0.562304822897 -0.568721558782 0.449300913358
107854 -4.2943836206 1.78781625896 0.15386634196 -0.39850907153 0.5649503415 -0.56850886374 0.445891456526
107920 -4.31013466875 1.79639869725 0.154781346259 -0.397927270502 0.566877614252 -0.570083446971 0.441937236878
107986 -4.32599293407 1.80227881145 0.156094210377 -0.397896584335 0.567155903009 -0.572489515219 0.438483925024
108052 -4.34222893873 1.80592945451 0.157080963357 -0.397380463352 0.565098606752 -0.576045001975 0.436948949721
108118 -4.35860655164 1.80762125788 0.157652082415 -0.395918213487 0.562318182417 -0.579657318864 0.437086224543
108184 -4.37529625882 1.80713500654 0.158094045667 -0.394191875112 0.561935403889 -0.58165476376 0.436484914862
108250 -4.39261710952 1.80460335163 0.158240271726 -0.393055487063 0.563143381684 -0.582008644325 0.435480026736
108316 -4.41107473303 1.80049131186 0.157720938485 -0.391878661368 0.56418834899 -0.582006805907 0.435190402779
108382 -4.43119564608 1.79524185195 0.156682149001 -0.390836591621 0.564098450417 -0.582014756637 0.436232170061
108448 -4.4535860136 1.7888788642 0.155548225691 -0.391845652248 0.563522560094 -0.580769109334 0.43772881884
108514 -4.4782226276 1.78178316216 0.154482636107 -0.394317544239 0.562506183452 -0.578723071125 0.439522430613
108580 -4.50453829608 1.77454236491 0.153786685583 -0.396704672731 0.560484705843 -0.577242189332 0.441897897715
108646 -4.53156122198 1.76723712356 0.15351228705 -0.39895474939 0.558106359163 -0.57712027048 0.443040096413
108712 -4.55773302761 1.76043598475 0.153743409666 -0.400747720693 0.555230091419 -0.57786976592 0.444057777262
108778 -4.5825462697 1.75482397622 0.154622095778 -0.40180445134 0.554289636774 -0.577654708605 0.444557316522
108844 -4.60612287266 1.75062141854 0.156140541378 -0.402887624045 0.556732412124 -0.575596547591 0.443191972764
108910 -4.62817541795 1.74827062873 0.158029204542 -0.403247191322 0.558179680291 -0.574068616338 0.443026377247
108976 -4.64862000707 1.74828788513 0.159967344535 -0.401997539438 0.557093058003 -0.574204821353 0.445347110573
109042 -4.66744031976 1.75049895435 0.16180530826 -0.400300214132 0.555445870619 -0.574967905741 0.447941405886
109108 -4.68479262687 1.75417347523 0.16271427032 -0.399858778923 0.554754270138 -0.575664232565 0.448298273537
109174 -4.70080277726 1.75872765514 0.161880709321 -0.400019645327 0.555574672418 -0.576855021208 0.445599869554
109240 -4.71608774838 1.7643209589 0.159612706308 -0.399754843557 0.557089781557 -0.578527433974 0.441761302603
109306 -4.73210474312 1.77140015927 0.157567955737 -0.398934722884 0.560221733202 -0.578064897441 0.439139593732
109372 -4.74969088401 1.77968183317 0.156490738773 -0.397214465027 0.56285267542 -0.577081806442 0.438627508756
109438 -4.76884658851 1.78933260754 0.156249332892 -0.395865106817 0.56463738239 -0.575547967447 0.439567902335
109504 -4.7886665517 1.79975619284 0.157236294646 -0.396565296228 0.568730558709 -0.571670987153 0.438717946824
109570 -4.80798644102 1.80957014523 0.158762926826 -0.399966209597 0.574028136038 -0.566403818659 0.435551884884
109636 -4.82593074965 1.81769396141 0.160096396774 -0.403883060238 0.57699534985 -0.562945423256 0.432489467275
109702 -4.84247989135 1.8242525309 0.161387593132 -0.406587750086 0.57802544166 -0.560575002867 0.431657993639
109768 -4.85746453871 1.82869781998 0.162810881101 -0.407979823519 0.578321649936 -0.55862367719 0.432476706197
109834 -4.87139571095 1.83006620245 0.163610507867 -0.410340921932 0.578370123307 -0.557494442145 0.431634331991
109900 -4.88481936592 1.8284420892 0.163552620803 -0.413099248387 0.578071909783 -0.557313453483 0.429631926967
109966 -4.89795081519 1.82440529247 0.163191902263 -0.413537425669 0.576316995268 -0.55848331143 0.430048669501
110032 -4.91148786701 1.81815233147 0.163284761115 -0.412880221584 0.574308335684 -0.558620445487 0.433177791622
110098 -4.92573111249 1.80945475014 0.163484291355 -0.41280507777 0.573804498012 -0.556994009262 0.436002293376
110164 -4.94062607878 1.79788136725 0.16315244652 -0.413569065344 0.5734018 -0.55509940554 0.438218666342
110230 -4.95651521412 1.78317661775 0.16205692084 -0.41519575909 0.572076726983 -0.553895228539 0.439932694714
110296 -4.97403122121 1.76582527818 0.160194080551 -0.418171836603 0.570039319616 -0.55255149378 0.441445557068
110362 -4.99263245853 1.74646467575 0.157843143783 -0.422615953487 0.567323872794 -0.550638722412 0.443098470372
110428 -5.01132056539 1.7255282871 0.155500702654 -0.427343686045 0.56531028262 -0.548546987622 0.443731626998
110494 -5.02975063778 1.70330724471 0.153177332017 -0.431657750249 0.563309793047 -0.547132957179 0.443845751899
110560 -5.04814193004 1.6801701766 0.15067812591 -0.435234395723 0.55921010041 -0.546938568315 0.445772685198
110626 -5.06648540508 1.65602470209 0.148026222673 -0.43850608112 0.553870932682 -0.547631149825 0.44837409538
110692 -5.08468437591 1.63140854762 0.145520537018 -0.442383712004 0.551319217871 -0.547025053988 0.44844986463
110758 -5.10167326102 1.60709186706 0.143350507452 -0.446236644382 0.551049718186 -0.545014710311 0.447410272903
110824 -5.11674804042 1.58420757276 0.141900494067 -0.449049044705 0.551639765504 -0.541951965168 0.447589658599
110890 -5.12954069887 1.56342148963 0.141164257641 -0.450143426605 0.553127235378 -0.539115054011 0.448080478827
110956 -5.13984424639 1.54426602741 0.14090217077 -0.449738721593 0.555326799366 -0.537611628638 0.447572249918
111022 -5.14751968339 1.52591594857 0.140891120575 -0.44849576284 0.557903927109 -0.537486794294 0.445760750498
111088 -5.15313734925 1.50806595852 0.140243067209 -0.447088389143 0.559546363151 -0.5391997062 0.443038905371
111154 -5.15744324925 1.49121183041 0.138888633207 -0.445051418838 0.559688148251 -0.541466978835 0.442144615151
111220 -5.16057749067 1.47509912529 0.137132778503 -0.442564155881 0.559596266146 -0.543080847296 0.442777799969
111286 -5.16251047416 1.45860748884 0.134752305921 -0.441618083224 0.559661600615 -0.543633724023 0.442961322377
111352 -5.16376165558 1.44118037921 0.131405980412 -0.444407381479 0.559097940931 -0.5424681344 0.442311862958
111418 -5.16412607901 1.422601076 0.127170849215 -0.449067302658 0.556864433785 -0.541455066207 0.441663783495
111484 -5.16212088883 1.40279273753 0.123341383203 -0.450226154249 0.554864245532 -0.543459183956 0.44053838676
111550 -5.15902220742 1.3814731313 0.120399303946 -0.449256485577 0.551704328554 -0.547628727308 0.440333647418
111616 -5.15845439299 1.35874365108 0.118312426516 -0.451324581644 0.54859003067 -0.548991579897 0.440412620846
111682 -5.1585434437 1.33459227988 0.118295254772 -0.452462986727 0.547553420313 -0.549722734164 0.439621877283
111748 -5.15831311281 1.31066559478 0.119803928493 -0.44937237184 0.550722962697 -0.550692751099 0.437613985528
111814 -5.15894588971 1.28891634253 0.122765563287 -0.446216594179 0.555814198819 -0.548789479219 0.436796649008
111880 -5.15868892554 1.26794133314 0.127314566807 -0.443366436487 0.557856565303 -0.548242227844 0.437781583844
111946 -5.1581610618 1.24703618695 0.131941399423 -0.442200452109 0.557771971819 -0.548788373223 0.438383943756
112012 -5.15829688317 1.2260138957 0.134586290529 -0.44206562058 0.554827905841 -0.55040351254 0.440227043291
112078 -5.16024052578 1.20522134597 0.135168391054 -0.44355649003 0.55102915037 -0.549753880287 0.444291628453
112144 -5.16407582972 1.18357715589 0.134276128428 -0.44641896444 0.548850396479 -0.546567181306 0.448037276708
112210 -5.16986207407 1.16079807412 0.133255154297 -0.450365407899 0.548132554673 -0.540833034818 0.451908541992
112276 -5.17697309316 1.13635883856 0.1328216421 -0.453939590743 0.546847421957 -0.535894973393 0.455755451499
112342 -5.18584350123 1.1101469688 0.133024600102 -0.458403801897 0.543317614442 -0.532181731931 0.459841568925
112408 -5.19568235356 1.0818426985 0.133563171327 -0.462964617364 0.538758835992 -0.530611531525 0.46244347003
112474 -5.20490337215 1.05226109397 0.134379104628 -0.466289381684 0.535902709773 -0.529557835794 0.463627983389
112540 -5.21365095402 1.02286424068 0.1348923008 -0.469718812489 0.535303868954 -0.527724833904 0.462947626366
112606 -5.22257923564 0.9944834831 0.134488263979 -0.473301503118 0.53470151182 -0.526569441424 0.46130740356
112672 -5.23162030809 0.967028633769 0.133279257487 -0.476442246095 0.532560249754 -0.526602940862 0.460512359655
112738 -5.24138828969 0.941077707073 0.131664352165 -0.480362437187 0.530500669871 -0.523951639599 0.461839283637
112804 -5.2505686909 0.916415604163 0.1301804455 -0.483806718721 0.530549078497 -0.519426690292 0.463297429537
112870 -5.25795014607 0.892686617647 0.128869985516 -0.485247859263 0.53260647225 -0.515691987336 0.463601806505
112936 -5.26325022978 0.869591621185 0.127781749379 -0.484527878141 0.534448303859 -0.514312295771 0.463767819461
113002 -5.26615661493 0.847007646389 0.126745691756 -0.482565485257 0.534229546176 -0.515355403612 0.464906577602
113068 -5.26734009903 0.825871531946 0.125766974503 -0.481006016865 0.53357281777 -0.515863556637 0.466709802498
113134 -5.26712061143 0.806428890175 0.124237978423 -0.48078785369 0.53395996342 -0.515301311435 0.467112776805
113200 -5.26567223963 0.788353767117 0.121862669182 -0.480980442888 0.535061159998 -0.513739089201 0.467375135034
113266 -5.26268914948 0.770651389727 0.119118059374 -0.481302644561 0.536391897771 -0.511491626846 0.467982665725
113332 -5.25823874713 0.752075852626 0.116002489582 -0.482352815548 0.53638449972 -0.509944144494 0.468598310117
113398 -5.25254220574 0.732891793783 0.112181760015 -0.484014588959 0.53424584919 -0.509632712711 0.469665511006
113464 -5.24468661703 0.713517912937 0.108032654679 -0.485335261729 0.530185747299 -0.511343802021 0.471041529955
113530 -5.23566667251 0.693702078223 0.104333718665 -0.487244473114 0.526111731203 -0.512861254199 0.471987927442
113596 -5.22756156597 0.673014382109 0.101737407604 -0.4911530384 0.523138657715 -0.512485693659 0.471649143697
113662 -5.22019040906 0.65154214892 0.101253049483 -0.493121383638 0.519284385872 -0.513180891791 0.47309643292
113728 -5.21350408547 0.630528296943 0.10379781178 -0.491454962199 0.51572705302 -0.514052525213 0.477752592326
113794 -5.20868928654 0.60999261197 0.107906980029 -0.49069101124 0.515268677475 -0.513019532205 0.480136936929
113860 -5.20546135249 0.589324044603 0.111222094046 -0.491153353272 0.515751938831 -0.512857456147 0.479317797329
113926 -5.20420336904 0.570234572954 0.113783209232 -0.490815881685 0.518499948502 -0.511518064796 0.478128366901
113992 -5.2042630722 0.55255462742 0.116323374082 -0.490284563558 0.521794366708 -0.507643252912 0.479218037075
114058 -5.20472567082 0.534540320866 0.118140585995 -0.490767390053 0.522778283357 -0.504383205613 0.481090194373
114124 -5.20607406692 0.515528691255 0.118498115131 -0.491478369562 0.520887686401 -0.503183970877 0.483663930939
114190 -5.20852181637 0.495186970388 0.117178157813 -0.490676373242 0.516605749651 -0.503606111873 0.488606263011
114256 -5.21212473158 0.472120917628 0.114467996178 -0.488990694607 0.512200352687 -0.503853548602 0.494641543193
114322 -5.21837888555 0.445336529549 0.110762375738 -0.491488633947 0.510646830012 -0.499436809907 0.498238240493
114388 -5.22689252567 0.415542899372 0.107003366315 -0.497290645128 0.51095091756 -0.493433081355 0.498151290652
114454 -5.23562519867 0.384185398426 0.104822614538 -0.501775312209 0.511243437506 -0.489643913277 0.497091969524
114520 -5.24443581235 0.352062738546 0.104704129299 -0.504077600994 0.511646350116 -0.486892191254 0.497051082572
114586 -5.2538096314 0.319077806693 0.105614711202 -0.505794030837 0.509149731697 -0.48648170425 0.498271402346
114652 -5.26339451606 0.285533877412 0.107096231644 -0.506754309839 0.505351606665 -0.488346838497 0.499336701482
114718 -5.27351314894 0.252551571855 0.108917475771 -0.508355945632 0.503327119285 -0.488352907158 0.499747399404
114784 -5.28333900028 0.220293136569 0.110335148205 -0.510003818619 0.503437757716 -0.486474155931 0.499789304495
114850 -5.29272492253 0.188891124325 0.111498399726 -0.51229153044 0.505378114644 -0.482644780543 0.499203730848
114916 -5.30110877808 0.159562350417 0.112857178961 -0.515114873487 0.505657101535 -0.478392380805 0.50010815646
114982 -5.30689805893 0.132674174584 0.11400993976 -0.516403263408 0.503648664016 -0.477709666749 0.50145701291
115048 -5.31017934269 0.107505420216 0.114383639314 -0.515775231315 0.502107764969 -0.480500880555 0.500981613094
115114 -5.3117745746 0.083919166146 0.113934949289 -0.51449135142 0.503041524184 -0.482482316657 0.499458352525
115180 -5.31155879714 0.0618140169319 0.11234467775 -0.513127786487 0.50507854186 -0.48265528072 0.498637565052
115246 -5.30996908151 0.0408142471934 0.109792118342 -0.512085794713 0.507624078014 -0.481724110142 0.498023887346
115312 -5.30742581332 0.0198568357948 0.106840666117 -0.510606726116 0.508448753323 -0.481993558618 0.498440401856
115378 -5.30432674796 -0.0016330728489 0.104801754113 -0.509799193467 0.509541711106 -0.482386300631 0.497770506782
115444 -5.30040856527 -0.0233613276514 0.104191843683 -0.50943889459 0.509896975982 -0.482824299752 0.497350739905
115510 -5.29516473813 -0.0450737317725 0.10446253853 -0.507770806187 0.508188248916 -0.485034990347 0.498652755119
115576 -5.2892000716 -0.0671294701278 0.104486946476 -0.505901744181 0.50502447938 -0.489251504187 0.49964638941
115642 -5.28496020116 -0.0894827451978 0.10409315299 -0.508098973665 0.502177404445 -0.489815144786 0.49973428584
115708 -5.28169753805 -0.110893618409 0.104466212115 -0.510362962882 0.503419373166 -0.487445014621 0.498493634316
115774 -5.27812625979 -0.131709588203 0.106221800711 -0.508986355769 0.505091299263 -0.487018205869 0.498626997629
115840 -5.27578640046 -0.153535505657 0.108567286815 -0.506352103068 0.504117379962 -0.488931619545 0.500418910861
115906 -5.27438743028 -0.176447883847 0.110916463369 -0.50369956057 0.503607149422 -0.493045785803 0.499572132562
115972 -5.27460808963 -0.198373154621 0.112769031275 -0.501373969083 0.507143937495 -0.494701486905 0.496688548154
116038 -5.27673515964 -0.217938060786 0.113799815499 -0.499087288981 0.510067934262 -0.493669942545 0.497023630105
116104 -5.27883312547 -0.236033174131 0.11499100437 -0.495175075669 0.512209895798 -0.491974074939 0.500403753166
116170 -5.28051670074 -0.253900535568 0.116081546251 -0.491580131675 0.515620611767 -0.489418664004 0.502945056828
116236 -5.28295135386 -0.272863250317 0.115324444403 -0.489952330151 0.517830021654 -0.488292097806 0.503358324745
116302 -5.28717407328 -0.293580533804 0.112363586103 -0.489696948163 0.51689209359 -0.488838773708 0.504039781379
116368 -5.29313178343 -0.316031242444 0.108351746266 -0.491129855581 0.515265613039 -0.4893127001 0.503851035859
116434 -5.29984076103 -0.339696576086 0.104806141226 -0.493420537598 0.514900267616 -0.488211228103 0.503054330411
116500 -5.30752049097 -0.363746808949 0.102327886079 -0.495895577612 0.51428287449 -0.485605097369 0.50377414634
116566 -5.31735585889 -0.388614173095 0.1005404585 -0.501301090063 0.512041130098 -0.482549184582 0.503643886038
116632 -5.32745159773 -0.415238802092 0.0989197423327 -0.505407322765 0.507748143937 -0.483537594069 0.502937879861
116698 -5.33783893315 -0.443243020071 0.0980812344429 -0.508087560353 0.50367334619 -0.484530953449 0.50337846154
116764 -5.34904499695 -0.47177973682 0.0975474390739 -0.511419984336 0.501776663331 -0.483480633833 0.502907726596
116830 -5.35962161214 -0.500453331841 0.0968058329959 -0.513749994528 0.500439622954 -0.4842567239 0.501115308345
116896 -5.36933926023 -0.528938064206 0.0963707309401 -0.514946890575 0.498811602033 -0.486162793369 0.499662248493
116962 -5.37841352972 -0.557721408531 0.0962868256532 -0.516246761015 0.49823622706 -0.48828673168 0.496815795647
117028 -5.3869987719 -0.586560565737 0.0963076675072 -0.51724456272 0.498698630104 -0.490226284554 0.493392226213
117094 -5.39572051283 -0.615301859639 0.0961369330209 -0.517554587255 0.499143129017 -0.491663504553 0.491182609593
117160 -5.40571247355 -0.643859451125 0.0958739100843 -0.518505711607 0.500405285817 -0.49109033899 0.489465684097
117226 -5.41734276111 -0.672274080525 0.0957364701358 -0.520423180167 0.502662522989 -0.489310749088 0.486893213619
117292 -5.42879537751 -0.699749065076 0.0960630522637 -0.521445355276 0.504821884115 -0.488020647228 0.484856084168
117358 -5.43822416373 -0.72590432757 0.0965320119936 -0.520790074276 0.507493763347 -0.488189000661 0.482596312279
117424 -5.4450829141 -0.751017529937 0.0969503355871 -0.518881386586 0.511853810955 -0.489061110193 0.479152182901
117490 -5.4496052394 -0.775142092291 0.0972797670674 -0.516740322597 0.516467003204 -0.489855895209 0.475691576058
117556 -5.45253699667 -0.798179305933 0.0971485102448 -0.514814336551 0.519225001057 -0.49133017681 0.473250649032
117622 -5.45422782861 -0.819806169144 0.0965028954854 -0.511338028911 0.520035469211 -0.494102224555 0.473243506775
117688 -5.4555659373 -0.840621157624 0.0951772541981 -0.507305447364 0.520162737654 -0.497188824107 0.474209965127
117754 -5.45705549894 -0.862107024769 0.0928428987329 -0.504669454585 0.520578173692 -0.500202844109 0.473396429971
117820 -5.45882831765 -0.884336366521 0.0897718702754 -0.50501398184 0.522023708675 -0.500379021566 0.471246178237
117886 -5.45997367487 -0.906688379748 0.0858102379885 -0.506389139776 0.522893974193 -0.499426650859 0.469813718224
117952 -5.46045493798 -0.928862894131 0.081488400654 -0.507664374432 0.522065527493 -0.500378737623 0.468343415405
118018 -5.46230145971 -0.950320657899 0.0781557926253 -0.509734145026 0.519918629967 -0.500091775974 0.468789834922
118084 -5.46526562025 -0.971174633901 0.0770898474822 -0.510157733553 0.519343941588 -0.499793441619 0.469283976519
118150 -5.46826145447 -0.991885713577 0.0788402427196 -0.50949336242 0.518912016231 -0.498539837285 0.47181019881
118216 -5.47110644133 -1.01340279244 0.0826340652776 -0.509870548871 0.520406447922 -0.497908761673 0.470420946766
118282 -5.47285295162 -1.03495359447 0.0867532779862 -0.509147774293 0.521805889515 -0.500066449069 0.467354991864
118348 -5.47518857287 -1.05307458346 0.0905078505166 -0.507148628585 0.522325198821 -0.500225156188 0.468776478495
118414 -5.47771104359 -1.06892598582 0.0938122321961 -0.505091968215 0.523561003087 -0.499428518659 0.470464752365
118480 -5.47942543767 -1.08462836086 0.0966476649001 -0.504388744398 0.525882010478 -0.498200721533 0.469932065988
118546 -5.48122109865 -1.10102260188 0.0983909929961 -0.505688590896 0.525909102321 -0.496705330178 0.470087677145
118612 -5.48383056566 -1.11792996952 0.0987575035595 -0.505984270319 0.52276422168 -0.495836724444 0.474176363311
118678 -5.48676877693 -1.13556320393 0.0980242731304 -0.504181223455 0.518449167259 -0.496131293179 0.480484439483
118744 -5.49011005118 -1.1548035908 0.0967274134935 -0.503291663817 0.515958813026 -0.495649108594 0.484578080097
118810 -5.49498036945 -1.17568818649 0.0955612415965 -0.505612901737 0.515990376069 -0.492677581166 0.485158042722
118876 -5.50131469306 -1.19769907659 0.0952090539148 -0.508855090156 0.513545529781 -0.489313113119 0.487760015866
118942 -5.50882353668 -1.22077767257 0.0962042421666 -0.511278538287 0.509210061343 -0.486582500743 0.492480149641
119008 -5.51641756477 -1.24515580898 0.0985178551875 -0.511186828409 0.506351054126 -0.484828510439 0.497230154003
119074 -5.52412801374 -1.27103335921 0.101456675135 -0.510441681313 0.504741826001 -0.482426049365 0.501946131259
119140 -5.53214658219 -1.29871177014 0.103869103161 -0.510432541793 0.503555483124 -0.481156333423 0.504360068306
119206 -5.5400798069 -1.32737505432 0.105687237102 -0.510065765002 0.501483282791 -0.481621635994 0.506347664106
119272 -5.54783830326 -1.35620491034 0.107439823804 -0.509246951347 0.499410385608 -0.482282043477 0.508587080562
119338 -5.55568179316 -1.38475796454 0.109394228956 -0.50900401306 0.499020636924 -0.481829467865 0.509640732631
119404 -5.56371818752 -1.41301559502 0.111199770691 -0.509297993869 0.498128288922 -0.480690541048 0.511292763215
119470 -5.57241595297 -1.4406366139 0.112561917068 -0.510679902834 0.495944402615 -0.479210184848 0.513422618409
119536 -5.58133323706 -1.46739930575 0.113970166461 -0.513024133585 0.494161127795 -0.478424623885 0.513537573917
119602 -5.59057299179 -1.49334541772 0.115861573562 -0.515338398843 0.492763214783 -0.477176403001 0.513725015666
119668 -5.59996057426 -1.51885904729 0.118709076407 -0.516110552971 0.491804027106 -0.47511593773 0.515774644468
119734 -5.60895603577 -1.5435223837 0.122510585766 -0.516347592849 0.491498682757 -0.472004917838 0.51867665896
119800 -5.6156058706 -1.56696810866 0.126478756359 -0.515211996167 0.491387180534 -0.47087470752 0.52093401466
119866 -5.61927343037 -1.58861692574 0.130229498997 -0.512036772789 0.49112085767 -0.472498198869 0.522842229269
119932 -5.62061786099 -1.6086659924 0.133391343528 -0.509030247882 0.490813636895 -0.474758065465 0.524018059416
119998 -5.62045506318 -1.62789308146 0.13496941036 -0.50815426968 0.490047943983 -0.476354675712 0.524135909678
120064 -5.61842853084 -1.64655365125 0.134362673381 -0.507570625282 0.488421417539 -0.478392164837 0.524363876775
120130 -5.61474627942 -1.66470751314 0.132784035858 -0.505841844415 0.487382006916 -0.479417243048 0.526062652962
120196 -5.61020496893 -1.68363860316 0.130944125168 -0.504982594037 0.487426491588 -0.479324848848 0.526930432598
120262 -5.60438187413 -1.70357908188 0.129028349859 -0.505514594799 0.485710542103 -0.479603561223 0.527750549716
120328 -5.5975994908 -1.72384495922 0.127169656946 -0.506857589852 0.482285077956 -0.480271611301 0.528994890839
120394 -5.58969002555 -1.74439657176 0.125503792132 -0.507137067729 0.478513165778 -0.482531274862 0.530094947179
120460 -5.58161156051 -1.76485720812 0.124785990855 -0.508394608104 0.476450887574 -0.482612249026 0.530673997168
120526 -5.57337077053 -1.78520303311 0.124603140276 -0.509637495672 0.475281713802 -0.481612635608 0.531437806367
120592 -5.56585026756 -1.80532697082 0.12442185041 -0.511593577473 0.474293476354 -0.479683215935 0.532185747468
120658 -5.55864425286 -1.82540603521 0.12512045378 -0.51454554222 0.475327121255 -0.476858384892 0.53095481186
120724 -5.55161904534 -1.84508794711 0.126758527952 -0.51718082149 0.476829424515 -0.473899548942 0.529695059181
120790 -5.54487790203 -1.86427192009 0.127974562733 -0.517404291337 0.475091712626 -0.472629053778 0.53216768168
120856 -5.53794812674 -1.88361233726 0.128440285945 -0.515593519208 0.47264988527 -0.47237334538 0.536310306045
120922 -5.53073473441 -1.90352232492 0.129128071142 -0.515069233274 0.472292845579 -0.469812493186 0.539369379118
120988 -5.52213794403 -1.92478023171 0.130689221515 -0.515041019049 0.47212538636 -0.466390250478 0.542503811271
121054 -5.51175048297 -1.94839978702 0.132881866857 -0.514325744696 0.471548025856 -0.463447894331 0.546193573309
121120 -5.50130594422 -1.97372835614 0.134912279847 -0.514321176731 0.470839684284 -0.46062078489 0.549192326419
121186 -5.4911568224 -1.99933692575 0.136650126019 -0.514831878859 0.467842219998 -0.459460902033 0.552238459076
121252 -5.48004015143 -2.02528972235 0.138489208172 -0.514719360923 0.463876086066 -0.461318054884 0.554137652411
121318 -5.46887588795 -2.05126866724 0.140478214917 -0.517871856325 0.460178621259 -0.461626975072 0.554025958828
121384 -5.45757855037 -2.0763327667 0.142177694397 -0.523108145975 0.457306523897 -0.461841976056 0.551298812355
121450 -5.44620161985 -2.09946282622 0.144206676419 -0.526315047616 0.455628375999 -0.461727862016 0.549729601783
121516 -5.43560674833 -2.12059297377 0.147081143628 -0.527612632433 0.454782012374 -0.459254884626 0.551255896195
121582 -5.42593370971 -2.14016410131 0.150365873071 -0.529831708052 0.455258801344 -0.454724720794 0.552488108438
121648 -5.41533230319 -2.15802591051 0.15338003633 -0.532104381306 0.45543571227 -0.451555365393 0.552757609249
121714 -5.40296050201 -2.17353102828 0.155810989899 -0.532246711129 0.455587435337 -0.450609488728 0.553267198763
121780 -5.38916025112 -2.18668118318 0.157716970326 -0.530757404076 0.457276116546 -0.449774073242 0.553984128196
121846 -5.3732939782 -2.19794806272 0.158510707031 -0.529788960624 0.458414823869 -0.449900502804 0.553867347664
121912 -5.3552136474 -2.20700726739 0.158682574054 -0.529468008586 0.459307109453 -0.449905027583 0.553431170829
121978 -5.33541014703 -2.21379170568 0.15868447106 -0.529380548592 0.461517359551 -0.449266377548 0.552193481862
122044 -5.31325430552 -2.21840876317 0.158738825344 -0.527902492046 0.463368265204 -0.451480673904 0.550248900382
122110 -5.2884617102 -2.22088893099 0.159383399822 -0.523825781237 0.462137601796 -0.457764972456 0.549987834329
122176 -5.26201714293 -2.22085160029 0.161210868534 -0.519265847114 0.459660592454 -0.463105313201 0.551913442625
122242 -5.23543193376 -2.218090382 0.164053016738 -0.517079548217 0.45939968654 -0.46446747559 0.553037626076
122308 -5.20845522288 -2.21252951617 0.167713247399 -0.514770717041 0.460209877783 -0.464719496744 0.554304706134
122374 -5.1814196133 -2.20478911281 0.171678384413 -0.511362807829 0.46085968498 -0.464648319859 0.556972421036
122440 -5.15594838992 -2.19594521193 0.174988296478 -0.510508390399 0.461116640789 -0.462633569399 0.559216243849
122506 -5.13182045347 -2.18669581793 0.177267447274 -0.51115869152 0.460242392375 -0.460729453132 0.560911826977
122572 -5.10877006423 -2.17748089386 0.178721772988 -0.512356830781 0.459842607244 -0.459743252796 0.56095577423
122638 -5.0868354685 -2.1691027569 0.179016932008 -0.513919401312 0.459219055637 -0.460152077315 0.559700592876
122704 -5.06630494478 -2.1618707604 0.178772606618 -0.516298579825 0.458639559068 -0.459373930046 0.558624233789
122770 -5.04664504536 -2.15557428197 0.178169834515 -0.519212935555 0.459136800374 -0.456603548496 0.557785375925
122836 -5.02683287256 -2.14967166843 0.177328133893 -0.520943224468 0.460570850676 -0.452965582444 0.557955842777
122902 -5.00665222256 -2.14442778845 0.176183553283 -0.521260656703 0.462081939876 -0.449954714893 0.558845541142
122968 -4.98587788503 -2.14018363254 0.174496515505 -0.520676083941 0.462366512861 -0.449096559798 0.559844531047
123034 -4.96433950977 -2.13677768839 0.172107787341 -0.520478821668 0.460748492704 -0.449535837895 0.56100811508
123100 -4.94191238493 -2.13359592803 0.16910627224 -0.520872318224 0.458352564104 -0.449955984694 0.562267344709
123166 -4.91859631228 -2.13055285957 0.165588231542 -0.520776017097 0.456255791225 -0.451018155995 0.56321005484
123232 -4.89436625184 -2.12750866779 0.162319466965 -0.519599345344 0.453716525065 -0.452009063381 0.565548911182
123298 -4.86929875185 -2.12426782986 0.160083220515 -0.519299470678 0.451179649478 -0.451775918443 0.56803475325
123364 -4.84391920762 -2.12076339772 0.159089885473 -0.51970355574 0.45047107697 -0.451794644044 0.568212645029
123430 -4.81901758656 -2.1168313374 0.159118128765 -0.521122833529 0.449594359197 -0.452623247821 0.566946293828
123496 -4.79444311672 -2.11183330819 0.160309878781 -0.521941675549 0.448374050175 -0.453642938813 0.56634412552
123562 -4.77084085937 -2.10548684356 0.162294314595 -0.522884898192 0.447861326706 -0.453489218491 0.566002751513
123628 -4.74847437647 -2.09848479321 0.163575779866 -0.523661384405 0.449502525206 -0.453391309465 0.564058974156
123694 -4.72613418568 -2.09045621916 0.163890241401 -0.52277678649 0.453071887081 -0.45362376579 0.561832372698
123760 -4.70307863217 -2.08096095357 0.163469137667 -0.521769680442 0.457779587994 -0.45333797444 0.559177011615
123826 -4.67817635099 -2.06966299827 0.162234628699 -0.520236987437 0.460801316156 -0.455720655905 0.556178110588
123892 -4.6521440624 -2.05623489719 0.160124505373 -0.517497571477 0.463664684388 -0.461341092335 0.551702271074
123958 -4.6264383887 -2.04011319745 0.15764141218 -0.514667330182 0.468309408188 -0.466153107964 0.546355927536
124024 -4.60057191699 -2.02177955969 0.156156662303 -0.509619690514 0.47405407972 -0.470464639475 0.542423278158
124090 -4.57589493594 -2.00233312997 0.155564562468 -0.503968243057 0.477917610058 -0.474433026051 0.540854945229
124156 -4.55394795914 -1.98249385871 0.155503465726 -0.500415257973 0.480134594296 -0.476702238845 0.540194618726
124222 -4.53369314972 -1.96208529602 0.156494908671 -0.496872220823 0.482218965199 -0.479101535386 0.539485392258
124288 -4.51485781746 -1.9416504674 0.158448611103 -0.493216692848 0.484099197821 -0.481140648198 0.53934113876
124354 -4.49742592889 -1.92239254923 0.160102402544 -0.490824427442 0.486652893991 -0.482191514273 0.538285814204
124420 -4.48115616414 -1.9045319277 0.161158749982 -0.489384205486 0.489036882896 -0.482753678811 0.536931012499
124486 -4.46529676465 -1.88800112024 0.161643385707 -0.488112220399 0.490451700379 -0.483153216357 0.536438765003
124552 -4.44958610397 -1.87276049797 0.16129613649 -0.488462601338 0.491574531871 -0.482950268173 0.535273542799
124618 -4.43380524396 -1.85835535154 0.15999850088 -0.490782033765 0.493385226209 -0.481896811012 0.53242783596
124684 -4.41720145538 -1.84432304581 0.158242474947 -0.491545466566 0.494994769186 -0.481041223079 0.531001464839
124750 -4.39949813298 -1.831002844 0.156382802017 -0.490023301675 0.495998393378 -0.48128561182 0.531250334059
124816 -4.38084014545 -1.81848509517 0.153793268713 -0.488278773888 0.497759094096 -0.481644504546 0.530884393631
124882 -4.36159195651 -1.8058626328 0.150828433722 -0.48691747397 0.501118127637 -0.48057452048 0.529943456806
124948 -4.34137909649 -1.79289781932 0.148108707001 -0.483901918476 0.504079529414 -0.480764779786 0.529724337466
125014 -4.3204436447 -1.77973222185 0.145706669242 -0.480366741379 0.504794364536 -0.483633699992 0.529649636974
125080 -4.29972599979 -1.76568169643 0.143632735716 -0.478577828427 0.504761245074 -0.487147832523 0.528077964772
125146 -4.27997527177 -1.75016085526 0.142912699823 -0.47856124353 0.505924605982 -0.488181211426 0.526021359806
125212 -4.26015887628 -1.73390470696 0.143468232811 -0.477912720011 0.508228627303 -0.489818963501 0.522857936615
125278 -4.24188449022 -1.71736345985 0.144317825063 -0.478722120327 0.508233186673 -0.490903760839 0.521092733617
125344 -4.22593136695 -1.70147008743 0.14490621479 -0.479717160128 0.507149386136 -0.491845806095 0.520344708813
125410 -4.21098380213 -1.68597414612 0.145561731283 -0.478642811694 0.506420142639 -0.494032001732 0.519973152391
125476 -4.19606386071 -1.66960253746 0.146861648468 -0.47740211564 0.507016230337 -0.494936771099 0.519672347268
125542 -4.1807432865 -1.65148988698 0.148267494686 -0.476793584467 0.507563290658 -0.494397265471 0.520210268186
125608 -4.16432828207 -1.63133012744 0.149056358614 -0.475242800699 0.507287327773 -0.495273984676 0.52106381108
125674 -4.14714219642 -1.60888375301 0.148702327406 -0.473293404705 0.507180584487 -0.497420964627 0.52089686984
125740 -4.12997430567 -1.58436860225 0.147767192057 -0.472234947886 0.509253751232 -0.498605228045 0.518697982855
125806 -4.11278954567 -1.55843302467 0.147037255809 -0.470237805989 0.511214787436 -0.499949592465 0.517287324913
125872 -4.09630968913 -1.53126624001 0.14745175991 -0.466259251684 0.511144925681 -0.501551089966 0.51940308223
125938 -4.0813038426 -1.50320987573 0.14887951605 -0.463399567712 0.51158780214 -0.501102665962 0.521952916378
126004 -4.06772694516 -1.47472485862 0.150546330098 -0.461717112215 0.512253975335 -0.499740854073 0.524091782072
126070 -4.05541476675 -1.44629895576 0.151439557605 -0.459550914139 0.512838354749 -0.499651559035 0.52550746785
126136 -4.04506482525 -1.41900938043 0.150696959844 -0.458638915691 0.513564131111 -0.500108681734 0.525160462947
126202 -4.03634530942 -1.39361277229 0.148337822136 -0.458849072031 0.514494585454 -0.501191892879 0.523029162756
126268 -4.02902949647 -1.37058301015 0.145849218379 -0.459942510068 0.515846459422 -0.501784165612 0.520161401968
126334 -4.02343811282 -1.3499094486 0.144055786924 -0.460856506258 0.517209347593 -0.502829857038 0.516979541127
126400 -4.01964902795 -1.33125214615 0.142067698643 -0.460730520844 0.517289640626 -0.50522287456 0.514673354552
126466 -4.01698787643 -1.31402390334 0.139151211816 -0.460504462974 0.516375125026 -0.507852431518 0.513203852859
126532 -4.0149834235 -1.29754322717 0.134971533437 -0.4611823351 0.515886658277 -0.510176802809 0.510775296184
126598 -4.01356041452 -1.28045686548 0.130184059326 -0.461686807364 0.514490686982 -0.511886507896 0.510016483025
126664 -4.01254298624 -1.26183438947 0.125853294255 -0.459978850606 0.512644494675 -0.513015423542 0.512279318252
126730 -4.0123273582 -1.24222272732 0.121642027659 -0.45763126461 0.510825637509 -0.514828230586 0.514376016846
126796 -4.01259577359 -1.22187994873 0.118270045299 -0.45491137482 0.512280535225 -0.51735520974 0.512803842128
126862 -4.01301706079 -1.20055832638 0.116742846089 -0.451668733953 0.51594831898 -0.518437015271 0.510896880386
126928 -4.01427718037 -1.17847351302 0.117228910368 -0.448726988767 0.520766583912 -0.517784107327 0.509260020367
126994 -4.01525638451 -1.15641233091 0.119520184851 -0.443558377596 0.52312596446 -0.520841791669 0.508250689933
127060 -4.01711318269 -1.13386960029 0.123555381503 -0.439286097737 0.525018862349 -0.523195404671 0.507591850844
127126 -4.02001011312 -1.11114316456 0.127948609457 -0.440376532469 0.5288583282 -0.521993437739 0.503884753286
127192 -4.0228794494 -1.08866120739 0.132296223723 -0.44382541687 0.532214822445 -0.519625863814 0.499755203707
127258 -4.02481344272 -1.06631410023 0.13613560903 -0.444881874666 0.532786953964 -0.520128367066 0.497679265461
127324 -4.02687404873 -1.04342599945 0.138839132594 -0.444895275677 0.53018163967 -0.521103481713 0.499426341371
127390 -4.02774301294 -1.01968175229 0.140424025632 -0.443488964512 0.526936646567 -0.523492135935 0.501608704545
127456 -4.02724543327 -0.99402523155 0.140461314259 -0.443124751943 0.525596775693 -0.5249490397 0.501813682889
127522 -4.02487992559 -0.966100688448 0.139499452066 -0.444564161244 0.52624718894 -0.52564176295 0.499126509336
127588 -4.02018364692 -0.935249493872 0.139160621392 -0.446764775033 0.528291147782 -0.524798230669 0.495879460546
127654 -4.01362049053 -0.900908471871 0.140166269438 -0.446906639005 0.53134723889 -0.523006690042 0.494376831768
127720 -4.005957333 -0.86395397318 0.14327370534 -0.444428955924 0.535588035347 -0.519961755669 0.49524552716
127786 -3.9979405044 -0.825660372772 0.147126940148 -0.440813489087 0.540067549008 -0.517537077634 0.496150861372
127852 -3.98980609227 -0.787111769831 0.150230754952 -0.436615113809 0.54438005259 -0.517228371938 0.495471814513
127918 -3.98203444162 -0.74938260236 0.151949708426 -0.433044533789 0.547528811409 -0.518530642969 0.493771691519
127984 -3.97519178654 -0.713433763572 0.152201629424 -0.430293550985 0.549860745502 -0.519730145029 0.492322173651
128050 -3.96935759319 -0.680167647143 0.151513418416 -0.428806180124 0.552874679879 -0.519180004738 0.49082274898
128116 -3.96415384567 -0.650566650483 0.1501453451 -0.428553078293 0.555684012454 -0.517891804389 0.489229544241
128182 -3.95976144446 -0.624382264415 0.148604766373 -0.430380976417 0.558466133262 -0.51471499788 0.487807498999
128248 -3.9545145574 -0.601256957649 0.147140292798 -0.431452224854 0.561294808651 -0.512098994496 0.48636579361
128314 -3.94718438597 -0.5807619921 0.145933269858 -0.430970542419 0.562410262627 -0.512174961129 0.485423394473
128380 -3.93821337875 -0.562310207315 0.144660820863 -0.429188600136 0.560171747715 -0.515824384016 0.485726222711
128446 -3.92922155068 -0.544855090203 0.143302145811 -0.428526933375 0.557501233222 -0.517813368664 0.487264129239
128512 -3.91947535851 -0.527901882963 0.141071082779 -0.428222424506 0.557706748317 -0.517564278553 0.487561216575
128578 -3.90730767805 -0.510733076347 0.138719155321 -0.426567093041 0.55938632752 -0.517163840321 0.487513070507
128644 -3.89268014303 -0.493053608597 0.135886731825 -0.424608751922 0.561101821937 -0.517543436317 0.48684794133
128710 -3.87693910485 -0.474773999407 0.132820004544 -0.423872900295 0.561731955649 -0.517645805252 0.486653670183
128776 -3.86109675981 -0.456115057753 0.129522729731 -0.423915634796 0.560685170088 -0.519139827604 0.486231908083
128842 -3.84417706674 -0.436354780572 0.128005996643 -0.422304325154 0.558862603759 -0.520916765098 0.487829148902
128908 -3.82725912981 -0.415298606693 0.128587186112 -0.419919566541 0.559307612155 -0.520172113572 0.49016673924
128974 -3.81196775589 -0.393608575094 0.130370425649 -0.419115182624 0.563639076426 -0.516319513349 0.489966768155
129040 -3.79722243687 -0.372190328444 0.132361206847 -0.419452304393 0.566447051068 -0.515187722578 0.487625997235
129106 -3.78364360792 -0.350571878451 0.1340548951 -0.422830209953 0.56535697572 -0.516117742225 0.484982842872
129172 -3.7727151496 -0.32910797881 0.135785355359 -0.428543231573 0.564195495089 -0.515749028448 0.481702139041
129238 -3.76318704833 -0.309012306724 0.138287677048 -0.431800402206 0.562611967556 -0.516386370523 0.479959648539
129304 -3.75525568182 -0.289101533202 0.141274391796 -0.432581678758 0.559538412918 -0.517169870393 0.482001088809
129370 -3.74807163034 -0.267855251157 0.143439886634 -0.432187314898 0.556070064492 -0.519740770018 0.483600806656
129436 -3.74102184319 -0.244798639169 0.14381510965 -0.432253106139 0.553137970534 -0.523781427468 0.482543797575
129502 -3.73422048719 -0.219661264914 0.142584926614 -0.432671081067 0.55149947771 -0.526833855127 0.480718340893
129568 -3.72736706949 -0.191710173151 0.141196864109 -0.431325862753 0.55224789446 -0.528294797309 0.479463078805
129634 -3.72135093938 -0.160741529818 0.139725292074 -0.429325560161 0.554221467437 -0.528944663374 0.478263105397
129700 -3.71647218348 -0.12687061517 0.13892429902 -0.427045482955 0.557234273466 -0.529199681196 0.476518433416
129766 -3.71224868797 -0.0906847399243 0.139300045511 -0.423598009859 0.559110879102 -0.531095218771 0.475286740915
129832 -3.70900500699 -0.0530772923313 0.141214349103 -0.419526876062 0.559419747146 -0.533664554299 0.475656209342
129898 -3.70812534736 -0.0152528533667 0.143750834323 -0.416948489531 0.558831397079 -0.535300375198 0.476775527212
129964 -3.70849391686 0.0216560146299 0.146341526463 -0.414568737933 0.559097842633 -0.536803107775 0.476848755746
130030 -3.70874706855 0.0560963130798 0.148998563554 -0.412383531278 0.559240502501 -0.538605644322 0.476543642699
130096 -3.70954809015 0.0869135111555 0.15046968652 -0.412954493821 0.559611045547 -0.540180002602 0.47382437371
130162 -3.71194961473 0.114618833143 0.150507484157 -0.415958523583 0.558986552966 -0.541375034757 0.470558742886
130228 -3.71540461676 0.139680693225 0.14966728499 -0.417794069131 0.556030228602 -0.543597197049 0.46987287758
130294 -3.71940854496 0.162052978085 0.148842041633 -0.417570504776 0.552134715312 -0.54638645038 0.471427437205
130360 -3.72420944569 0.181738886619 0.147263020495 -0.417275306858 0.549236803496 -0.548418494916 0.472712815995
130426 -3.72955396972 0.19981676411 0.14534209161 -0.416541915027 0.549934094155 -0.548341623762 0.472638082571
130492 -3.73599711118 0.217453732731 0.143307360599 -0.414693594002 0.550400209744 -0.548257090585 0.473817309428
130558 -3.74319112543 0.236226067137 0.142052936112 -0.409856938275 0.546647274555 -0.550842945245 0.479338937002
130624 -3.75136945052 0.256433294505 0.140222850955 -0.406911234888 0.543688421617 -0.554617678849 0.480858909464
130690 -3.76030621992 0.277821248072 0.137519087019 -0.408642799953 0.543839063921 -0.556689763895 0.476808810085
130756 -3.77026515825 0.300303664504 0.135588886239 -0.412808651313 0.548988673463 -0.553524452984 0.470967565835
130822 -3.78078126481 0.322751157809 0.135999367185 -0.414759599284 0.556845837132 -0.547950595204 0.46652663835
130888 -3.79098235706 0.343506230037 0.138297422544 -0.414400527303 0.560910671706 -0.546218937216 0.464000277435
130954 -3.80118501518 0.363426744354 0.142309510329 -0.415631993977 0.563640482608 -0.544136497248 0.462033300643
131020 -3.81027030949 0.382698416897 0.146977959059 -0.416986884616 0.566441424725 -0.543959405018 0.457574273868
131086 -3.81791529557 0.401375036563 0.151644235565 -0.415713578863 0.566573732591 -0.547173222609 0.454728209861
131152 -3.82480173594 0.419689290455 0.156051085265 -0.413188000735 0.563986612141 -0.550525252754 0.456197966525
131218 -3.82988219133 0.437453556035 0.158946943292 -0.410216917161 0.559872575042 -0.555480814727 0.45793628296
131284 -3.83312445826 0.455648625785 0.160185627799 -0.408164633205 0.556702659242 -0.559848563072 0.458315731616
131350 -3.83438054681 0.475711527267 0.161134099472 -0.406939442791 0.557047034333 -0.560813864445 0.4578064011
131416 -3.83275710919 0.49784143045 0.162382363968 -0.405019709884 0.558058830827 -0.56119510583 0.45780932709
131482 -3.8285465551 0.522197963647 0.163346730088 -0.402940960513 0.556814655566 -0.56257730096 0.459459215389
131548 -3.82247897064 0.548714868662 0.163431257395 -0.402428817052 0.556148221852 -0.563421673577 0.459680555627
131614 -3.81429223401 0.57713041083 0.16407827404 -0.40042178871 0.558214167796 -0.563267565066 0.459117526447
131680 -3.80574968256 0.607141427573 0.164523593764 -0.397798768689 0.560362589706 -0.562401831455 0.459841372283
131746 -3.79766711842 0.638571678734 0.164567909764 -0.396548923245 0.562069400022 -0.559400310574 0.462491228271
131812 -3.78962157766 0.670380005876 0.163856299008 -0.396079433034 0.564002099914 -0.55759484519 0.462720960313
131878 -3.78152987409 0.702485993869 0.163155487693 -0.39408065114 0.564554304723 -0.558405243878 0.462776863903
131944 -3.77437115027 0.734616602714 0.162899054529 -0.391769800358 0.564844498616 -0.55944803096 0.463125227396
132010 -3.76823848894 0.765577167442 0.16273589775 -0.390842156809 0.566553199224 -0.559513732525 0.461740472588
132076 -3.76305876591 0.794479560697 0.162461989371 -0.392356486471 0.570064120269 -0.557660166436 0.458364712834
132142 -3.75872305697 0.821065022145 0.161940208497 -0.394439671822 0.572020815274 -0.555828042816 0.456360270781
132208 -3.75495721203 0.845307904959 0.161511553426 -0.39576438165 0.57228520652 -0.554520421078 0.456472657581
132274 -3.75082096775 0.866773883574 0.161052548533 -0.396820309396 0.571677415201 -0.554114803501 0.456809979807
132340 -3.7454724408 0.88541378389 0.160914195176 -0.397212598797 0.571588065537 -0.554227212376 0.456444335878
132406 -3.73931891408 0.90204428148 0.160652447133 -0.397412921416 0.569963008633 -0.554827175792 0.457571690261
132472 -3.73263221631 0.91804029671 0.159804035503 -0.397090362622 0.566348533144 -0.555271659355 0.461781156206
132538 -3.72492842542 0.934100276493 0.1581085564 -0.396228823705 0.563697010891 -0.554841303859 0.466261132183
132604 -3.715029976 0.950048365754 0.156532178875 -0.394662868112 0.562676728733 -0.553788922187 0.47005729005
132670 -3.70308040863 0.965668740204 0.155339997945 -0.392731633099 0.562396509749 -0.5534232742 0.472434873564
132736 -3.68899274612 0.981303561118 0.154531018129 -0.391062568603 0.561352788746 -0.554950691753 0.473268220735
132802 -3.67318005304 0.997917773148 0.154277731538 -0.390098154181 0.562394816181 -0.55645241003 0.471058523288
132868 -3.65700283866 1.01598590815 0.155377133331 -0.389628039328 0.566119546471 -0.554860596773 0.468858490089
132934 -3.64109728107 1.0344238974 0.157574731791 -0.387908162142 0.567855410891 -0.553967740999 0.469241063241
133000 -3.62564772358 1.05272206871 0.161114122742 -0.385104544804 0.566059037197 -0.555314085368 0.472120665265
133066 -3.61127669245 1.07103981085 0.1654840442 -0.383723034821 0.565552470854 -0.555044849238 0.474164748374
133132 -3.59874487448 1.08948236895 0.169805297465 -0.386840927839 0.567139090368 -0.55190457578 0.473401117243
133198 -3.58685032959 1.10710726915 0.174482726245 -0.388660397708 0.567192717077 -0.552031413293 0.471695667093
133264 -3.57596503171 1.12367200887 0.179382336979 -0.388517614206 0.564695426329 -0.555094655338 0.471214363171
133330 -3.56638843167 1.14024531102 0.183647557275 -0.388862564879 0.561851573549 -0.557227875776 0.471811201005
133396 -3.5573129012 1.157971974 0.185946029803 -0.389795136883 0.560111764247 -0.558764006949 0.471293237961
133462 -3.54848453892 1.17738520714 0.186668676863 -0.390389353111 0.55961039014 -0.559781953009 0.470187755031
133528 -3.54074344496 1.19916116672 0.186686390673 -0.390458848953 0.56054397558 -0.559171382742 0.469744288923
133594 -3.53387728702 1.22344697301 0.185882649912 -0.388173222198 0.560132462632 -0.56052170032 0.470519329451
133660 -3.52716800782 1.2498854214 0.184429870244 -0.384146913793 0.557903106731 -0.564631543444 0.471557517458
133726 -3.52066764169 1.27868892152 0.182713640722 -0.381635444568 0.558096110456 -0.567610886229 0.469788064607
133792 -3.51472529291 1.3095945592 0.180399139466 -0.380844966308 0.561660171968 -0.568997004137 0.464475196917
133858 -3.50965474942 1.34140774218 0.177592552153 -0.380313031877 0.563763294829 -0.570707148049 0.460245858526
133924 -3.5069300849 1.37360475244 0.174691822515 -0.380963136555 0.56426540788 -0.570685069762 0.459118904399
133990 -3.50592362638 1.40505788533 0.173069221519 -0.382071308544 0.565757585248 -0.568407382919 0.459187235194
134056 -3.50623427424 1.43455330066 0.172250139834 -0.382928430935 0.569147128357 -0.566523883122 0.456604785528
134122 -3.50818131133 1.46209315129 0.171705979728 -0.382470285935 0.572100842943 -0.565987845845 0.453954657198
134188 -3.51169253594 1.48722561314 0.171967320211 -0.38083683388 0.574275016475 -0.566096668822 0.452444489363
134254 -3.51595124875 1.50899635252 0.172936805128 -0.378876095763 0.576310835448 -0.566943543261 0.45043722687
134320 -3.52160881016 1.52749905416 0.173605751042 -0.379331185169 0.576849662577 -0.567290099164 0.448925675512
134386 -3.52867856932 1.54301768397 0.173140535867 -0.382459179418 0.574883210415 -0.567256560143 0.448836460259
134452 -3.53664588574 1.55577721118 0.172286551805 -0.385320778018 0.57333327376 -0.566877642988 0.448850294054
134518 -3.54567038392 1.56592740061 0.171933147417 -0.385642052285 0.57279284258 -0.566529438757 0.449703171361
134584 -3.55677104974 1.57339130791 0.172130688998 -0.385319161626 0.571149646386 -0.566263731488 0.452396457969
134650 -3.5698773539 1.57814132232 0.172781187124 -0.384343496129 0.569097481157 -0.566931618023 0.454968871914
134716 -3.58483895396 1.58111523376 0.173885646984 -0.383696634906 0.568024138334 -0.567107954204 0.456633369684
134782 -3.60123445618 1.58278366538 0.174892022576 -0.384201251366 0.567113207434 -0.567381733572 0.457001041687
134848 -3.61878726177 1.58371971085 0.175363476658 -0.38464651134 0.564881380161 -0.568251129171 0.458308532002
134914 -3.63730029558 1.58408958816 0.175141905449 -0.385741267844 0.562378516644 -0.568602664548 0.460027216522
134980 -3.65608668543 1.58347476718 0.174744179953 -0.387910842825 0.562361985288 -0.567332907776 0.45979076467
135046 -3.67449130505 1.58182927107 0.174878030316 -0.389500861454 0.564727548372 -0.565507359361 0.457791701303
135112 -3.6922656051 1.58021607553 0.175521221379 -0.388173260408 0.566370111362 -0.564664386899 0.457930677421
135178 -3.70977939316 1.57918729236 0.176310309122 -0.385443228416 0.565783721254 -0.564740220786 0.46085867695
135244 -3.72773522352 1.57852918946 0.176815209869 -0.38521209434 0.565060079601 -0.564123068849 0.462691999921
135310 -3.74545351185 1.5786283434 0.177220127444 -0.387149261 0.567022557627 -0.562376983905 0.460796046883
135376 -3.76195389181 1.57959446086 0.178082504194 -0.388738780616 0.568821207679 -0.561186669964 0.458687347062
135442 -3.77785626807 1.58144552129 0.179232707379 -0.390267636697 0.569481933141 -0.560219917458 0.45775008167
135508 -3.79286955254 1.5842392618 0.180547952414 -0.391414376891 0.568428579509 -0.560318579955 0.457959398244
135574 -3.80730837453 1.58775270228 0.182050692471 -0.392679044648 0.566910388071 -0.560856527249 0.458100108619
135640 -3.82098002189 1.59150123706 0.183527418381 -0.392306533297 0.565120929831 -0.562514930074 0.458596633266
135706 -3.83473707305 1.59538255104 0.184532404097 -0.390609987644 0.563793073868 -0.564639207752 0.459068323315
135772 -3.84902057796 1.5996300932 0.185095045571 -0.388723640066 0.563246162604 -0.566333768949 0.459253454047
135838 -3.86421048117 1.60511646178 0.184981302337 -0.387027611555 0.563912255526 -0.567197702115 0.458802070748
135904 -3.8811493883 1.61238589766 0.183468585108 -0.386708573309 0.564729524626 -0.567874465467 0.457226017984
135970 -3.89973855654 1.62116725654 0.181367195769 -0.387494261192 0.564366437954 -0.567909157013 0.456965984112
136036 -3.91958713782 1.63084579028 0.178898902636 -0.389321095372 0.564791515964 -0.568124189779 0.454614560318
136102 -3.94046217453 1.64117929366 0.176396090492 -0.391758611068 0.56607725187 -0.568154657405 0.450867999858
136168 -3.96238013497 1.651696906 0.174260436916 -0.393173228654 0.566842574928 -0.567784899391 0.449137632338
136234 -3.98452435425 1.66207336468 0.172784966797 -0.39271309648 0.568065981368 -0.566704567905 0.449358824379
136300 -4.00683260456 1.67180889534 0.171907906242 -0.392137822573 0.570687911463 -0.564855510087 0.448866894015
136366 -4.02904280074 1.68026523242 0.171762076211 -0.39157385985 0.572934239413 -0.563788529613 0.447837856853
136432 -4.05017193468 1.68704706553 0.17286073055 -0.391091201525 0.573339738323 -0.563709402299 0.447840281814
136498 -4.06973093131 1.69165373385 0.174598921997 -0.390356675902 0.573018293114 -0.564999024812 0.447267026592
136564 -4.0880308645 1.69498115712 0.176702564225 -0.389286474331 0.573426242685 -0.565513335477 0.447026880231
136630 -4.10526365389 1.69663023439 0.179309645508 -0.388034548722 0.574860360682 -0.56481055438 0.447161930821
136696 -4.12161701424 1.69621205081 0.18205593476 -0.387299888655 0.575090709125 -0.564840409953 0.447464818329
136762 -4.13749833104 1.69407639221 0.18415397496 -0.386481869056 0.57277357977 -0.567408457875 0.447894759615
136828 -4.15402611334 1.69051671977 0.185248246808 -0.386810531959 0.568119059034 -0.570390886093 0.449747123138
136894 -4.17156974686 1.68574291188 0.185628192306 -0.388452548726 0.564895897924 -0.571085467562 0.451507003687
136960 -4.19035239647 1.67986198614 0.185800699375 -0.391117662018 0.564302352634 -0.569116171973 0.452434096933
137026 -4.21050194229 1.67255443519 0.185712683786 -0.394209181252 0.564124219429 -0.566899607205 0.452755733492
137092 -4.23185795327 1.66365760391 0.185247948776 -0.397561604475 0.562842217856 -0.565642091576 0.452992676414
137158 -4.25432052462 1.65387336076 0.184317507993 -0.40152057259 0.562993711398 -0.563938794544 0.451433556057
137224 -4.27713178194 1.64444036578 0.182890012225 -0.404605228285 0.562666128981 -0.562905599222 0.450376154933
137290 -4.29952047644 1.63585236565 0.181422492721 -0.406270717214 0.560325862276 -0.563053487666 0.451608018558
137356 -4.32178521026 1.62834124504 0.180627172966 -0.407977561744 0.560342204701 -0.561688932417 0.451748158637
137422 -4.34354326252 1.62245200796 0.180515136636 -0.408981498218 0.562203899368 -0.560105742514 0.450491340091
137488 -4.36414561207 1.61835597774 0.1813965842 -0.408960089203 0.563045594494 -0.559964202241 0.449634731891
137554 -4.3840386714 1.615807599 0.182698935127 -0.410259343041 0.56269384029 -0.560160508831 0.448645853029
137620 -4.40286880408 1.61512689043 0.184411002702 -0.41031916056 0.562615553505 -0.559879780571 0.449039593731
137686 -4.41960366153 1.6159638125 0.186833990491 -0.406744777181 0.562810161865 -0.560638373129 0.451096317292
137752 -4.43547943191 1.61779708804 0.188826421173 -0.403063186776 0.563640503941 -0.560912628878 0.453019245905
137818 -4.45130264401 1.62049593582 0.188798862292 -0.400434852467 0.564287887057 -0.561915747554 0.453300960521
137884 -4.46737001932 1.62445519708 0.187423644248 -0.397822776126 0.565944282016 -0.563193746007 0.451947811868
137950 -4.48421187646 1.62994676721 0.185970339005 -0.395548975618 0.568338108145 -0.563242742792 0.450877384008
138016 -4.5020757563 1.63740715929 0.184527214172 -0.393866873188 0.568792950642 -0.563834158989 0.451037108092
138082 -4.52105723546 1.64669511435 0.182576061657 -0.393212228609 0.567095775689 -0.566449031529 0.450468589859
138148 -4.54083241592 1.6569105699 0.180228036047 -0.39428629133 0.565972251087 -0.569425838295 0.447177637469
138214 -4.56096212089 1.66760355132 0.178080152964 -0.395615756476 0.568091633483 -0.570383257561 0.442066561801
138280 -4.58203789899 1.67847044645 0.176320777086 -0.397268223322 0.570561902804 -0.569221609794 0.438889317198
138346 -4.60350802888 1.6886478185 0.1751373009 -0.398775272632 0.570488368335 -0.568379758089 0.438709171508
138412 -4.62471754499 1.69802788736 0.17469471601 -0.399927770172 0.569160158232 -0.568111183235 0.43973192265
138478 -4.64575176026 1.70676917965 0.174001468754 -0.400864973935 0.568437725478 -0.568076349368 0.439858025683
138544 -4.66602317455 1.71460052384 0.172830882311 -0.400740831632 0.568047329421 -0.56914854918 0.439088749094
138610 -4.68504161531 1.72091886865 0.171793457264 -0.400295900313 0.56879652061 -0.569949331555 0.43748310801
138676 -4.70231927347 1.72545990799 0.17185915246 -0.401041269155 0.570822875258 -0.568820347163 0.435626537053
138742 -4.71781976449 1.72790939539 0.173103639887 -0.401987031395 0.57302709831 -0.567294365072 0.433847281013
138808 -4.73165183979 1.72889666674 0.174966885067 -0.40043486995 0.573925323664 -0.566912775851 0.434593496028
138874 -4.74545144662 1.72876373504 0.176667037856 -0.39892329902 0.574500920392 -0.565641243841 0.436873934417
138940 -4.759592915 1.72704696605 0.177862054674 -0.39871976615 0.574143465492 -0.564689060334 0.43875744353
139006 -4.7739592592 1.72367533386 0.179023446741 -0.398900164695 0.572563228381 -0.564662735142 0.440688063599
139072 -4.78946962122 1.71863411771 0.180149022018 -0.399478257533 0.571611909231 -0.564141882422 0.442064326474
139138 -4.80667849607 1.71160328091 0.180953154346 -0.40021304855 0.569946855308 -0.563555193333 0.444292246541
139204 -4.82599051329 1.70248841285 0.180950738584 -0.401645511595 0.568726692396 -0.562593999671 0.44577885493
139270 -4.84724525754 1.6917917076 0.180150602063 -0.404159536069 0.568569451192 -0.561039998714 0.445665758634
139336 -4.86960288933 1.68010636071 0.17864270822 -0.406688125015 0.567793300508 -0.560739918693 0.444731618166
139402 -4.8922740961 1.66808412034 0.177118284265 -0.409313508703 0.566271232334 -0.562073792098 0.442574663689
139468 -4.91456971877 1.65662315338 0.176460270272 -0.411824377856 0.563650510441 -0.563505452406 0.441769543844
139534 -4.93650027592 1.64661844725 0.17661420976 -0.414812695088 0.561770377546 -0.563757556001 0.441046309348
139600 -4.95686739285 1.63889579665 0.177729311519 -0.41595982213 0.560529924912 -0.563376098994 0.442030542762
139666 -4.9753079606 1.63319992377 0.179382029316 -0.415583134798 0.559065768558 -0.563571201216 0.443986026936
139732 -4.9917347529 1.62860828049 0.181042910876 -0.414971212792 0.55787044774 -0.564935672773 0.444327726114
139798 -5.00566586326 1.62505533034 0.183146806109 -0.413255763695 0.557914263675 -0.566800129743 0.443496243587
139864 -5.01744312639 1.62260607947 0.18528966099 -0.410226055594 0.557738598452 -0.569561186864 0.442992286638
139930 -5.02774452646 1.6213431326 0.186876687741 -0.40672475262 0.556615420997 -0.572848885148 0.443394185234
139996 -5.03668351667 1.62159246079 0.187533597944 -0.404049952204 0.555739115905 -0.574938113864 0.444233963318
140062 -5.04401426345 1.62338347606 0.187455735884 -0.403183834917 0.556808177676 -0.574758190584 0.443914913434
140128 -5.04924042132 1.62649771638 0.187004139968 -0.402012847726 0.558896223337 -0.573856457907 0.443519357889
140194 -5.05335196452 1.63073730262 0.186436590118 -0.402153855414 0.561522827891 -0.571286440373 0.443391559695
140260 -5.05704289247 1.63547858997 0.185839669245 -0.402967491785 0.563820717842 -0.569129566952 0.442509813132
140326 -5.05970925202 1.63973473205 0.185668415314 -0.402116559705 0.563348697114 -0.570033998076 0.442720830481
140392 -5.06175833941 1.64340861309 0.186013607111 -0.401066171728 0.563276470566 -0.571095338509 0.442397607715
140458 -5.06322034169 1.64635374337 0.186508708862 -0.400284232554 0.564834086769 -0.571501422199 0.44059174305
140524 -5.06414701163 1.64839632251 0.187002476635 -0.399045729868 0.566160395804 -0.572142220506 0.439178973318
140590 -5.0652814355 1.64972890362 0.187390727071 -0.398283279505 0.56676390808 -0.572252106196 0.438949460323
140656 -5.06639998651 1.65057726414 0.18761747581 -0.397050888864 0.567096592666 -0.572364679076 0.439489144214
140722 -5.06733391012 1.65092739637 0.187725780685 -0.395910797329 0.567665669009 -0.5724219931 0.43970829434
140788 -5.06813204146 1.65068744558 0.187673304595 -0.395611399967 0.568571059375 -0.572544134316 0.438647673346
140854 -5.06879047412 1.6500800179 0.187611199023 -0.395690649615 0.568548528595 -0.573164157644 0.43779484153
140920 -5.06963245067 1.64959370735 0.187552584669 -0.395843193837 0.56816330175 -0.573797927429 0.437326613547
140986 -5.07041384197 1.64916977708 0.187811984694 -0.395500461941 0.567392623071 -0.574507598828 0.437705392812
