104092 -5.38564776618 1.62272954216 0.238532625037 -0.419127106889 0.588231744981 -0.53852725875 0.433940379784
104158 -5.40087405979 1.62259695879 0.237504417499 -0.418946297395 0.589289869971 -0.537371372315 0.434112252476
104224 -5.41511146514 1.62150019382 0.236797388992 -0.417836465765 0.588760913432 -0.53721915707 0.43608349769
104290 -5.42844982793 1.61873874289 0.236144096579 -0.41609577047 0.588518927249 -0.538336984579 0.436695629817
104356 -5.44170574516 1.61425489724 0.235381816008 -0.415602388848 0.588891939235 -0.539025518439 0.435812366329
104422 -5.4556663369 1.60875391074 0.23460296753 -0.416209855915 0.589531955046 -0.538541788976 0.43496455903
104488 -5.47036944517 1.60230720707 0.233942102285 -0.416223554135 0.589419727033 -0.53872238169 0.434879897725
104554 -5.48600901886 1.59481806927 0.233556205309 -0.416191123059 0.587210977901 -0.540279316689 0.435966032653
104620 -5.5029927411 1.58704796086 0.233621206958 -0.417633630947 0.584168816166 -0.541162337131 0.437575444229
104686 -5.52082570089 1.57921476311 0.234343313163 -0.419842757187 0.583569258385 -0.540448465847 0.437143455243
104752 -5.53859967815 1.57138495308 0.235145591813 -0.420859230202 0.584006414628 -0.540666411711 0.435308897142
104818 -5.55660906891 1.56388712675 0.23589106373 -0.421813483262 0.582997927807 -0.541494856717 0.434706918274
104884 -5.57501163074 1.55720442138 0.236152851403 -0.42262715694 0.581512020066 -0.542706003401 0.434396398447
104950 -5.59340233045 1.55181555455 0.236187817522 -0.422751823878 0.580633623297 -0.543761176139 0.434130480649
105016 -5.61158750351 1.54770241944 0.236362197405 -0.422616808413 0.579450896945 -0.544313953473 0.435148230281
105082 -5.62951949211 1.54441398747 0.236673426227 -0.422164655869 0.578349761356 -0.544644125608 0.436636382953
105148 -5.6469791552 1.54145140716 0.237242757729 -0.421373835171 0.57960887761 -0.544414801639 0.436016202395
105214 -5.66353690122 1.53841243921 0.238464384426 -0.420959873141 0.582211422981 -0.544211241268 0.433193581572
105280 -5.67892235625 1.53588457393 0.240520070134 -0.42041407556 0.584851271053 -0.544052387285 0.430357985528
105346 -5.69327710696 1.5347518733 0.243507521934 -0.418549829148 0.587384924317 -0.544580447745 0.428050263429
105412 -5.70705510098 1.53506056969 0.24667759839 -0.415860647074 0.588808216963 -0.546692487192 0.426018869993
105478 -5.72056529272 1.5367496229 0.249465350745 -0.413430504827 0.587753249133 -0.549656140161 0.426027440699
105544 -5.73337043132 1.53997442193 0.251741898659 -0.410982242939 0.586050571562 -0.55220171384 0.427447703415
105610 -5.74583221848 1.54491323451 0.253190331374 -0.409539861407 0.585647967708 -0.552769193325 0.428648782511
105676 -5.75791983022 1.55087115252 0.253669655085 -0.408011765042 0.585452309838 -0.553520748669 0.429402755513
105742 -5.7697341645 1.55720670154 0.253056140193 -0.406575695695 0.584334225703 -0.555722039118 0.429444658475
105808 -5.78184322557 1.56430411474 0.25188255722 -0.40709400053 0.583922692144 -0.556675374367 0.428277102292
105874 -5.79433065515 1.57223124188 0.250311849754 -0.408466802786 0.583867456975 -0.557272307453 0.426264245646
105940 -5.80818392624 1.58078888004 0.24842523378 -0.409889259485 0.584344426156 -0.557005862092 0.424590221478
106006 -5.82376271639 1.58946612014 0.246469829912 -0.411043824726 0.585620038756 -0.556058782347 0.422954781341
106072 -5.84028496869 1.59721985048 0.244498965917 -0.410412548756 0.586163789124 -0.557105855648 0.421433981591
106138 -5.85819656948 1.60413409909 0.242667669112 -0.409990630144 0.586159109784 -0.557733589337 0.421020689791
106204 -5.87723182072 1.61050210273 0.241336465446 -0.411269213904 0.587791947368 -0.555721732103 0.420156524693
106270 -5.89618783083 1.61614129092 0.241261607221 -0.412524536544 0.59105884717 -0.552678423174 0.418353327331
106336 -5.91478734185 1.62145502345 0.243158652125 -0.412694875662 0.593518532921 -0.549029601118 0.419505793035
106402 -5.93298655795 1.62521721169 0.245775813466 -0.412569261348 0.592920599339 -0.548243428959 0.421498388511
106468 -5.95166975594 1.62789563892 0.247395394371 -0.412686060719 0.591064402185 -0.5492785831 0.422641817852
106534 -5.97036422471 1.63025350717 0.247797542614 -0.412401975385 0.589832942062 -0.550050221971 0.423634810446
106600 -5.98851304347 1.63207325132 0.247216648152 -0.412310530892 0.590021171127 -0.54981432744 0.423767918889
106666 -6.00644669695 1.63297347374 0.245437960494 -0.41323529291 0.592471826046 -0.548415611189 0.421252789291
106732 -6.0238440138 1.63325345063 0.243344167462 -0.413845745826 0.595231822446 -0.546736830099 0.418938649446
106798 -6.04016204588 1.63299318758 0.241331855229 -0.412959650937 0.595940694715 -0.547496669271 0.417811419253
106864 -6.0560513488 1.63253942671 0.239101795803 -0.411989248439 0.595447611743 -0.549696218016 0.416582580566
106930 -6.07229745876 1.63235909951 0.23664902397 -0.412310656587 0.595141347349 -0.550639615502 0.415454826642
106996 -6.08849869732 1.63211665679 0.234149934619 -0.412519599939 0.593369439108 -0.552306009573 0.41556982964
107062 -6.10538898301 1.63154941699 0.231969195378 -0.412973599625 0.590484357213 -0.553990211939 0.416984200916
107128 -6.12358757388 1.63059023436 0.230184297045 -0.414536659437 0.588289918997 -0.553755074579 0.418843184196
107194 -6.14293070839 1.62876247859 0.228518230817 -0.416665675788 0.586951789632 -0.552712699965 0.419983269534
107260 -6.16344845339 1.6262832462 0.226993770046 -0.418233073606 0.586204034387 -0.551723508049 0.420769648236
107326 -6.18486681632 1.62325083685 0.226435035662 -0.419351186073 0.586815635063 -0.550669366775 0.420184733777
107392 -6.20726669768 1.61997169227 0.226621527973 -0.420134312864 0.587535271131 -0.550201826996 0.419007650463
107458 -6.23096732042 1.61721023788 0.226826395036 -0.420411296646 0.586359124774 -0.550895629547 0.419465495028
107524 -6.25554509691 1.61567595246 0.226895767772 -0.420124713489 0.584614127443 -0.55178396814 0.421017785981
107590 -6.28071216664 1.6150055033 0.226680982415 -0.420333162567 0.583857871657 -0.551843638294 0.421780294733
107656 -6.30606485734 1.61440709016 0.226076932771 -0.421122527224 0.583556120924 -0.551339103273 0.422070199406
107722 -6.3311567588 1.61340359032 0.225074539616 -0.422688803308 0.584320346279 -0.550095154427 0.421069070721
107788 -6.35580893278 1.61233666948 0.223810046009 -0.424245932006 0.586637533763 -0.548537443313 0.418304227433
107854 -6.3790283488 1.61154773397 0.222848197328 -0.424093599646 0.587671076349 -0.548605527968 0.416916414146
107920 -6.40117633928 1.61173144613 0.222491253878 -0.423699285063 0.58803424813 -0.548672576262 0.416716981802
107986 -6.42172714655 1.61309230711 0.222726592915 -0.424071436171 0.587358187129 -0.549208721514 0.416585575984
108052 -6.44098974115 1.61575746285 0.22346604658 -0.425560884591 0.587086012239 -0.548961994107 0.415774780195
108118 -6.45860243337 1.61955267369 0.22446637128 -0.42616032321 0.587162136861 -0.548474633442 0.41569649633
108184 -6.47480810201 1.62401589121 0.224877539867 -0.425685289143 0.58579293054 -0.548719134248 0.417786949042
108250 -6.49022402989 1.6287319037 0.224416400744 -0.425161793886 0.5844685044 -0.54884801831 0.419999844263
108316 -6.50470432966 1.63389735209 0.223546654551 -0.424715940983 0.584761449422 -0.548753498145 0.420166643462
108382 -6.51899781429 1.63985725333 0.222655654026 -0.424761009264 0.586143745265 -0.54836235489 0.418703123457
108448 -6.53358815867 1.64661777068 0.221966700058 -0.424164379367 0.586870927458 -0.548627447256 0.417941397602
108514 -6.54901155718 1.65396656325 0.221714483976 -0.422757956658 0.586419115408 -0.549592787849 0.418731515257
108580 -6.56594625333 1.6619374598 0.221581462368 -0.421156609387 0.586283896187 -0.550360250545 0.419525801426
108646 -6.5844025609 1.67077518891 0.221722545193 -0.419694008143 0.586958593675 -0.550178916866 0.420285246559
108712 -6.60392123613 1.6804954572 0.222347168743 -0.419208516205 0.588321010125 -0.548280977141 0.421343717799
108778 -6.624226458 1.69071789666 0.223197402585 -0.420393565957 0.590289541518 -0.545275032977 0.421310571388
108844 -6.64483930259 1.70048138212 0.223819433641 -0.420689140969 0.592340222692 -0.544102815133 0.419649604528
108910 -6.66576124878 1.70925408975 0.22455142343 -0.419394915628 0.593474556976 -0.545061375684 0.418095625073
108976 -6.68738917454 1.71736051873 0.225701940332 -0.419908774904 0.593802472489 -0.544608226668 0.417704560546
109042 -6.70900554009 1.72414125069 0.226860450394 -0.421478636906 0.594124735846 -0.544010032907 0.416442829181
109108 -6.73035328205 1.72956290648 0.227648858434 -0.422211741306 0.593344886885 -0.544804543634 0.415772878521
109174 -6.75164628416 1.73421455738 0.22820317546 -0.421691984596 0.592043828849 -0.545980165116 0.416612049979
109240 -6.77291726512 1.73822762239 0.228819292831 -0.420539130061 0.591380658037 -0.545903280958 0.418814237136
109306 -6.79425597895 1.74054711555 0.229269048942 -0.419541607137 0.59035027611 -0.546517194642 0.420464399069
109372 -6.8162325216 1.74101042665 0.229174903998 -0.419012844105 0.587831097834 -0.548644545569 0.421748659652
109438 -6.8386626659 1.74004480329 0.229369397848 -0.417908986797 0.58564757018 -0.550409669521 0.42357782073
109504 -6.86196105397 1.73779309937 0.229999246239 -0.416920956796 0.585025402342 -0.550710666956 0.425017584224
109570 -6.88682155926 1.73482416422 0.230305283969 -0.417319936963 0.584393239732 -0.550271733473 0.426062942426
109636 -6.91327448951 1.73218676249 0.230192116457 -0.419457116228 0.582063685153 -0.549445208872 0.428214256085
109702 -6.9400133622 1.72969027379 0.230564493554 -0.422301518771 0.580557341693 -0.548019538325 0.429289092804
109768 -6.96647559899 1.72651888035 0.231988613669 -0.425698002044 0.582351088793 -0.545533762306 0.426662854338
109834 -6.99242625567 1.72240438498 0.234508910248 -0.4282237343 0.58433081675 -0.543762564216 0.423679342412
109900 -7.01812194237 1.71876218788 0.237440481362 -0.427794483858 0.583926731398 -0.543440187819 0.425081420675
109966 -7.04337016276 1.71626445718 0.240134039402 -0.42470400633 0.584497816162 -0.543408029774 0.427430050528
110032 -7.06819692355 1.71461704503 0.241690706225 -0.422541751873 0.586657275672 -0.543049654519 0.427069972071
110098 -7.09196880687 1.71394858439 0.242097508561 -0.421843278359 0.587913643795 -0.543398217956 0.425586831241
110164 -7.11493367313 1.71490125465 0.241844948764 -0.422358340384 0.588775886093 -0.543708213595 0.423482869333
110230 -7.1371038226 1.71759744794 0.241876372446 -0.423444845235 0.589912670575 -0.542658990182 0.422159596023
110296 -7.15803663371 1.72160447543 0.242969003024 -0.423909506007 0.591636673224 -0.540534792193 0.422005764881
110362 -7.17747951316 1.72628867667 0.245237379632 -0.423285158993 0.592330117337 -0.539325246092 0.423205581878
110428 -7.19560346382 1.73104098528 0.248091027291 -0.421223128228 0.590904029459 -0.541733379639 0.424179650099
110494 -7.2135385334 1.73621601467 0.250885924871 -0.419769982217 0.588544816908 -0.545154454559 0.424517014874
110560 -7.23154840821 1.74202486 0.25344463711 -0.419140574806 0.58634501982 -0.547491586751 0.425174856643
110626 -7.24952787187 1.74842011608 0.255803220256 -0.417765174786 0.585683952667 -0.549132692732 0.425323182359
110692 -7.26801009404 1.75539627643 0.257412137089 -0.415864686936 0.586712673251 -0.549998761305 0.424648264314
110758 -7.28714327376 1.76271079044 0.258147272146 -0.414367434016 0.58755047761 -0.550232710311 0.424650473704
110824 -7.30723630955 1.77041744423 0.258251423676 -0.414327126862 0.588943579662 -0.549325261502 0.423934185034
110890 -7.32841846179 1.77872201597 0.258255648379 -0.414704544721 0.591259536579 -0.547055235547 0.423276352106
110956 -7.35029264673 1.78735385313 0.258362288739 -0.415181172314 0.592796541423 -0.54447367403 0.423987265964
111022 -7.37239457114 1.79624597121 0.259316855896 -0.415909293274 0.593908439842 -0.541820017035 0.425115605021
111088 -7.39410488627 1.80464785208 0.261869826637 -0.416499943659 0.593999794211 -0.540692297536 0.425844893344
111154 -7.41581915653 1.8116904783 0.265499311282 -0.417712610997 0.593350963871 -0.540267955093 0.426100122569
111220 -7.4378951338 1.81704525762 0.269097410502 -0.41991926695 0.593070357019 -0.539865003068 0.424830718443
111286 -7.45932874539 1.82105333769 0.27231922779 -0.420240649301 0.593330644695 -0.540675171102 0.42311568998
111352 -7.47972353067 1.82430775746 0.275229525853 -0.419473007931 0.592455078334 -0.542030523458 0.423370134378
111418 -7.49947785004 1.8266801526 0.27741359957 -0.419556424907 0.59130608273 -0.543014321561 0.423633050383
111484 -7.51877252863 1.82845479512 0.27874852287 -0.420406871717 0.590339965823 -0.543093246841 0.424035946534
111550 -7.53785895518 1.82935072298 0.279514739032 -0.42144098766 0.588052244982 -0.543256005755 0.425975308324
111616 -7.55721361777 1.82860962495 0.279578032845 -0.42242168282 0.585128770054 -0.544133928789 0.427904715036
111682 -7.57685495969 1.8262463602 0.279554032878 -0.422208117467 0.58294197891 -0.544867672893 0.430160569395
111748 -7.59731082256 1.82256717006 0.279931596247 -0.4208270003 0.581692703819 -0.54450247924 0.433653370272
111814 -7.61938895077 1.81731973423 0.27977690819 -0.420057171904 0.581129639449 -0.544537964645 0.435107693469
111880 -7.64234069314 1.81115640019 0.27884387157 -0.420038103279 0.579346135025 -0.546575393727 0.434949866764
111946 -7.66503463562 1.80506246628 0.277962639288 -0.420744641065 0.577681463317 -0.548437464836 0.434136380765
112012 -7.68759955666 1.79951150893 0.277378696393 -0.422403995676 0.579057480252 -0.546971715111 0.432538029709
112078 -7.70979781942 1.79508823477 0.276980830435 -0.423317486695 0.582166875108 -0.543773667858 0.431502242215
112144 -7.73107147635 1.79215345924 0.2764089684 -0.422816301179 0.581909974277 -0.543051806882 0.433245698411
112210 -7.75171821251 1.79022830308 0.275617213797 -0.422662320614 0.580133751076 -0.543926214843 0.434678808319
112276 -7.77208969462 1.78888810706 0.274920226921 -0.424142522631 0.580652785982 -0.54329292423 0.433333816825
112342 -7.79180840147 1.78773260839 0.274056289358 -0.425820070221 0.580576877598 -0.543318610745 0.431755272668
112408 -7.81035394763 1.7868007863 0.273096344181 -0.425498839967 0.577747822504 -0.546074897032 0.432389089939
112474 -7.8286016824 1.78640707645 0.272276853903 -0.425365234048 0.576136778368 -0.546845772185 0.433694043282
112540 -7.84633848549 1.78603557536 0.271774110214 -0.426072810295 0.577474076728 -0.545077160986 0.433447274309
112606 -7.86272661506 1.78555980779 0.271756260975 -0.427142569797 0.579216424919 -0.543041113609 0.432624405328
112672 -7.87793120998 1.78546927973 0.272112544371 -0.426753720554 0.580563512198 -0.542164917683 0.432301358015
112738 -7.89278214834 1.7859284861 0.2728419193 -0.426106709299 0.581198858449 -0.541536013142 0.432873764489
112804 -7.90677041664 1.78645392471 0.273957602305 -0.424366589624 0.582106194693 -0.541968281866 0.43282297125
112870 -7.9203837844 1.78738668285 0.274966200833 -0.422488912384 0.582353538562 -0.543222036267 0.432755467153
112936 -7.93429716876 1.78912835059 0.275433107547 -0.421144942743 0.582296945783 -0.544873132939 0.432065326965
113002 -7.94885833365 1.79206401057 0.275226877763 -0.421158243623 0.582645561137 -0.545799613588 0.430409866393
113068 -7.96410923286 1.7961847894 0.274672151217 -0.421292291667 0.583412271447 -0.546104643901 0.42885036796
113134 -7.98063356262 1.80114414845 0.273887963907 -0.420717477328 0.583886060931 -0.546156984615 0.428703168876
113200 -7.99870204068 1.80645137587 0.272876310046 -0.418949476978 0.583925002394 -0.546557745649 0.429869233593
113266 -8.01838804893 1.81255091728 0.271728581268 -0.417694123006 0.584750388927 -0.544825656408 0.432161441396
113332 -8.03845580115 1.81928503204 0.270180796737 -0.417690506512 0.586867829208 -0.541146394145 0.433913892278
113398 -8.05853488471 1.82593131243 0.26865608074 -0.419540547352 0.589864699667 -0.537003269246 0.43321212759
113464 -8.0780308851 1.83124300648 0.268139641673 -0.422399418607 0.59226441599 -0.534218178225 0.430595381376
113530 -8.09675247798 1.83491771239 0.269092975281 -0.424479136491 0.593400279321 -0.53320470046 0.428236288272
113596 -8.11480975214 1.8374632441 0.27080345147 -0.423831177594 0.592422682434 -0.534979890404 0.428017438262
113662 -8.13220566051 1.83874099054 0.27290739459 -0.422134973187 0.590622961 -0.538515350132 0.427747256344
113728 -8.14852604541 1.83889674408 0.275000679863 -0.421051612416 0.588329310121 -0.542427131092 0.427032666407
113794 -8.16376522152 1.83828513082 0.276755288869 -0.420724665527 0.58638561941 -0.545450510802 0.426176443384
113860 -8.17803037263 1.83747644887 0.27804572814 -0.420338457448 0.58452768607 -0.547020322486 0.427096865121
113926 -8.19184475741 1.83646388841 0.278516370276 -0.420721544411 0.583356223779 -0.546929395312 0.428435669311
113992 -8.20530999931 1.83510925884 0.278365109153 -0.421291655929 0.583497889455 -0.546108881433 0.428729101874
114058 -8.21823997963 1.83308220826 0.278308461491 -0.421367574094 0.583008701258 -0.546151540782 0.429265313326
114124 -8.23115418553 1.83014630301 0.279124473086 -0.421448765188 0.581398366585 -0.546765414834 0.430586121594
114190 -8.24399696813 1.82607005901 0.281059728482 -0.420617711072 0.579247953133 -0.548392495983 0.432224733528
114256 -8.25782260726 1.82072528806 0.283571302713 -0.420681066628 0.577000380096 -0.549384020104 0.433906857683
114322 -8.27298764046 1.81405887417 0.285862809096 -0.422391021382 0.575113896063 -0.549356765823 0.434783801599
114388 -8.28872985493 1.80649402991 0.287515533185 -0.423736047726 0.572925327898 -0.549774018571 0.435835770892
114454 -8.30513687549 1.79815641066 0.288415314473 -0.425527786315 0.570882052065 -0.549572259114 0.4370241035
114520 -8.32242468157 1.7892277042 0.288531417203 -0.427932099208 0.570407948681 -0.547702022185 0.437642988569
114586 -8.34003325263 1.77949372513 0.288253094454 -0.430041570451 0.570529432939 -0.545511287609 0.438152703792
114652 -8.3580285167 1.76921238876 0.288363805541 -0.431202532185 0.57167136705 -0.54291803421 0.438743906052
114718 -8.37637832932 1.75831592615 0.288638177622 -0.43190031995 0.572199992527 -0.541623539126 0.438968355529
114784 -8.39491524527 1.74733948007 0.288599720926 -0.432401375132 0.571015854783 -0.541709488935 0.439909936544
114850 -8.41352301354 1.73691664096 0.288182576795 -0.433019268167 0.570297179569 -0.541676737918 0.440274632439
114916 -8.43190875094 1.72690812704 0.287142395233 -0.434344356633 0.570384663793 -0.54108682268 0.439580874022
114982 -8.4495738637 1.71712501653 0.285069138041 -0.43608740747 0.570295611253 -0.540586626481 0.438584948012
115048 -8.46602492242 1.70742428717 0.282394503899 -0.438556164516 0.571504202259 -0.539812335685 0.435492775627
115114 -8.48047513647 1.69860748117 0.279899427013 -0.441470588274 0.573875246115 -0.538222498924 0.431378396776
115180 -8.49267530142 1.69188466918 0.278600212675 -0.443422427634 0.575355188431 -0.535395679198 0.430922759336
115246 -8.50310807722 1.68694823996 0.278211413985 -0.444339770905 0.57514589743 -0.533114559361 0.433079880046
115312 -8.51247904428 1.68300075765 0.277671752279 -0.445459889402 0.573130688998 -0.532643676726 0.435175088499
115378 -8.52042570817 1.67978111311 0.277107714201 -0.446036118004 0.569572640876 -0.534133730238 0.437424130857
115444 -8.52737680361 1.67779740888 0.276994502775 -0.44663410395 0.567016774735 -0.534082768468 0.440187992079
115510 -8.53400232545 1.67665787534 0.276879616332 -0.447787544402 0.566304137585 -0.531612826223 0.442915050351
115576 -8.54038820888 1.67475526431 0.275537016518 -0.448516340118 0.565588232387 -0.530314292623 0.44464567052
115642 -8.54689576033 1.67203669924 0.273271203591 -0.448640255265 0.564856505513 -0.529358110422 0.44658596714
115708 -8.55349939816 1.66869786667 0.271219263433 -0.448568748845 0.565445662126 -0.527405679504 0.448219256305
115774 -8.56001966814 1.6644954349 0.26975192757 -0.447100156127 0.567058230632 -0.526671732662 0.448512285593
115840 -8.56701216339 1.65870186006 0.267900325949 -0.445509395086 0.566119703222 -0.529095805603 0.448427796872
115906 -8.57539936895 1.65191794455 0.264990929827 -0.44589404695 0.563154325422 -0.531590251311 0.448828965767
115972 -8.58466802955 1.64492076283 0.261669475193 -0.4469226025 0.56176381956 -0.532393720681 0.448596165828
116038 -8.59479474391 1.63704925854 0.258393547603 -0.447602867689 0.561640320826 -0.53210286338 0.448417623436
116104 -8.6056623569 1.62728822196 0.25564926136 -0.447649250816 0.561756946658 -0.531635780281 0.448779082151
116170 -8.61799806381 1.61627035803 0.25333778415 -0.448649638264 0.562749130239 -0.529424397467 0.449151116962
116236 -8.63089920607 1.60484531223 0.252437682186 -0.450493125876 0.56407805091 -0.526078236961 0.44957034236
116302 -8.64357711531 1.59347277411 0.253490894809 -0.453133245907 0.565126790373 -0.523417729055 0.448704599372
116368 -8.65545302097 1.58238180528 0.256598440624 -0.455602342593 0.564835319694 -0.522115092252 0.448088579644
116434 -8.66689854964 1.57114109632 0.260650537496 -0.45712892718 0.565015313485 -0.521787158847 0.446686617524
116500 -8.67790451196 1.55904254739 0.264911485907 -0.458636090157 0.566381847832 -0.521621443156 0.443593968954
116566 -8.68862957715 1.54658489394 0.269416038014 -0.459628223958 0.566526939661 -0.520694033752 0.443471299116
116632 -8.69855882935 1.5340540662 0.274590543885 -0.459070798678 0.565412723702 -0.519149083538 0.447265665659
116698 -8.70782450693 1.52060597325 0.280052155294 -0.45780812155 0.564638543944 -0.517325141705 0.451630030005
116764 -8.71685460724 1.50520962082 0.284559426566 -0.45750884563 0.564737397914 -0.515842651598 0.453501574463
116830 -8.72453141565 1.48729766707 0.288022330831 -0.456520981106 0.563502839451 -0.517001405 0.454711656952
116896 -8.73160236205 1.46733376022 0.291082934129 -0.455805866252 0.561369187315 -0.518324340239 0.45655828623
116962 -8.73869327439 1.44574778933 0.293940421725 -0.456431558135 0.55862927151 -0.518594907324 0.458980205581
117028 -8.74623046438 1.4231767251 0.296415480358 -0.458290374849 0.555855036957 -0.518312664046 0.460811286395
117094 -8.75385310273 1.39954386948 0.298739776648 -0.460992258702 0.552737731788 -0.519151872674 0.460921209086
117160 -8.76120032167 1.37539864804 0.30118629981 -0.463015889221 0.550114735619 -0.520759016578 0.460217460161
117226 -8.76863038355 1.3515245762 0.304465234098 -0.464828828127 0.55006747838 -0.519725373611 0.459614407344
117292 -8.77557216939 1.32823065209 0.309365480371 -0.46584017664 0.549634538997 -0.517094947435 0.462068754862
117358 -8.78224986276 1.30541621101 0.314986711925 -0.466592388007 0.547640911905 -0.515624886244 0.465308410533
117424 -8.78918627222 1.28346399252 0.320247699108 -0.467201639032 0.546736704764 -0.515849170872 0.465511773032
117490 -8.79531618617 1.2626347957 0.325201161461 -0.467278695469 0.54662063886 -0.518562579304 0.462546591468
117556 -8.80084925823 1.24324032456 0.329961611696 -0.468352193927 0.546219466853 -0.521388052605 0.458742721733
117622 -8.80566491331 1.22566746217 0.334984649264 -0.469400961857 0.546946485844 -0.523268010246 0.454645787551
117688 -8.80873913073 1.21034122913 0.340310230562 -0.468012049171 0.548191231319 -0.525995784002 0.451419360856
117754 -8.81073949278 1.1969188793 0.345142739995 -0.466022455225 0.548416902949 -0.528827461168 0.449892726638
117820 -8.81239267924 1.18520978153 0.349285900413 -0.464593939776 0.548667075734 -0.529411730949 0.450377763951
117886 -8.81274676419 1.17494384751 0.352597626128 -0.46277071764 0.550468212074 -0.529485353885 0.449970222938
117952 -8.81215247141 1.16627051174 0.355272524991 -0.461372073386 0.553807582119 -0.528380035248 0.448606144961
118018 -8.80952683647 1.15899281956 0.35761531816 -0.459733912927 0.554512550673 -0.528232273249 0.449590036439
118084 -8.80565371073 1.15291901261 0.359373469859 -0.459471956807 0.552927852173 -0.528103839928 0.451954212419
118150 -8.80064208762 1.14765106173 0.360542978579 -0.459996361825 0.551088429495 -0.52827126788 0.453469246495
118216 -8.79438833128 1.14305283089 0.361676082956 -0.461036402917 0.54959104597 -0.528285448925 0.454213156205
118282 -8.78731480776 1.13877317977 0.363370091619 -0.46153007445 0.549133392617 -0.52762605833 0.455031026055
118348 -8.77909902053 1.13447077975 0.365973318701 -0.460472252296 0.547489745612 -0.527762249458 0.457916143289
118414 -8.76961168439 1.12997269229 0.368938491332 -0.459266272717 0.543480441594 -0.529840878755 0.461488857528
118480 -8.7601206978 1.12599101218 0.371088899045 -0.457110080788 0.540370918599 -0.53205103048 0.464727173016
118546 -8.75098440418 1.12203307266 0.371762891932 -0.455170940627 0.538744556125 -0.533465899986 0.466891680485
118612 -8.74269521362 1.11811980799 0.371475235399 -0.455496146781 0.539976652674 -0.532122416474 0.466684207106
118678 -8.73486606508 1.11495876527 0.37097341075 -0.456775632837 0.541879868278 -0.528982916005 0.466796804803
118744 -8.72749203469 1.1120114658 0.370745776568 -0.458186547608 0.542583930787 -0.526811150153 0.467052195437
118810 -8.72116372417 1.10867091757 0.37116721511 -0.459377592548 0.542132609173 -0.525921184844 0.467409209225
118876 -8.71633318214 1.10447173126 0.371715046039 -0.459537983922 0.5408369081 -0.52581148797 0.468873652246
118942 -8.71257055388 1.09891727406 0.372218610638 -0.458029759093 0.538416284622 -0.52708314486 0.471698946523
119008 -8.71033074052 1.09187300615 0.371895278928 -0.457365283598 0.535218023786 -0.528218334232 0.474704132574
119074 -8.71012281739 1.08388831304 0.370270916776 -0.458379129292 0.533469690999 -0.527285490162 0.47672700164
119140 -8.71077500014 1.07501806544 0.367620720602 -0.459805058332 0.532456235882 -0.526521320397 0.477331084647
119206 -8.71156341933 1.06485341165 0.364992388418 -0.461125501358 0.530829348393 -0.526757730885 0.477608323349
119272 -8.71320007545 1.05308814408 0.363071760855 -0.46402592442 0.528903827849 -0.526126346331 0.477631343224
119338 -8.71496381295 1.04000233576 0.363117038021 -0.4663562831 0.528585091972 -0.524847652364 0.477121090758
119404 -8.71710126864 1.02586947453 0.364700382017 -0.468420653812 0.529330679585 -0.522681648138 0.476649638255
119470 -8.72029372064 1.01089568063 0.3669380081 -0.471448653348 0.530422411621 -0.518146753949 0.477401480809
119536 -8.72295250063 0.995010622832 0.370164437036 -0.472377160691 0.530496820995 -0.515710297827 0.479036339543
119602 -8.72539312225 0.977731175846 0.373612504047 -0.472575492875 0.528924785676 -0.516919568932 0.47927560445
119668 -8.72852414164 0.959607407232 0.376869321902 -0.47341340799 0.527944433752 -0.518992527336 0.477285151784
119734 -8.73251881205 0.940849942034 0.380070118145 -0.475389819694 0.529123200856 -0.520144461383 0.4727395866
119800 -8.73714579676 0.92225971687 0.383906334015 -0.476860486986 0.531295114208 -0.519121600511 0.469938657116
119866 -8.74243061179 0.904173904548 0.388357290164 -0.47705251456 0.53259910419 -0.517051303475 0.470549682258
119932 -8.74880948241 0.886059644778 0.392520242851 -0.477083796552 0.53205259014 -0.515811878043 0.47249252902
119998 -8.75581655923 0.867769960022 0.396594911284 -0.47672692724 0.531342372081 -0.516551818507 0.472843457251
120064 -8.76331704961 0.850613062976 0.400916316966 -0.476138002466 0.530977867531 -0.517345590938 0.472978471122
120130 -8.77102330119 0.834268960253 0.40559688599 -0.475899623828 0.530190681297 -0.518576613139 0.472753303332
120196 -8.77906754396 0.818264937481 0.410497941135 -0.476596289566 0.528446095941 -0.519906713475 0.472543846797
120262 -8.78720993353 0.802840946935 0.415610028383 -0.477101769532 0.527189436307 -0.520909392939 0.472333145712
120328 -8.7946858319 0.787791843146 0.420608349043 -0.477692039637 0.526687589245 -0.521828872082 0.471280286714
120394 -8.80098532136 0.773040358881 0.425671952438 -0.478440782905 0.526344173682 -0.522296483786 0.470385593723
120460 -8.80601615327 0.758984221446 0.430935299804 -0.478724220797 0.525739687348 -0.521692058778 0.471442782718
120526 -8.80965416593 0.745360947271 0.436206483448 -0.478648816413 0.525292382779 -0.520825705967 0.472973351989
120592 -8.81144128017 0.731968254826 0.441677751763 -0.478240748689 0.525698037595 -0.519885958534 0.473968272091
120658 -8.81172961959 0.718404138696 0.447070982537 -0.477432518504 0.528546163775 -0.518505621726 0.473126846472
120724 -8.8102584275 0.704264753297 0.452020972896 -0.476004347288 0.530859543616 -0.517516856374 0.473058424765
120790 -8.80702975227 0.689192745795 0.456709451874 -0.473735198197 0.531418116024 -0.518490643287 0.47364248202
120856 -8.80175191273 0.673595675739 0.461483154284 -0.470228099664 0.531063613881 -0.520471113662 0.475359539541
120922 -8.79508397429 0.657855936776 0.46594148696 -0.466741491722 0.532431241225 -0.521284315835 0.476373738449
120988 -8.78676770324 0.641717602555 0.469349545455 -0.463566061071 0.534294406233 -0.522222900335 0.476360386988
121054 -8.77717397708 0.625356904902 0.472156024323 -0.462236293567 0.536114198035 -0.522229672632 0.475599965425
121120 -8.76663594609 0.609216302137 0.474723089247 -0.462081340335 0.537340631553 -0.521997164148 0.474620734079
121186 -8.7550012411 0.593354635622 0.47772108051 -0.460246520742 0.536920265314 -0.524208659106 0.474441710605
121252 -8.74349461929 0.578914154832 0.481460933851 -0.456799311286 0.534175015729 -0.52700869232 0.477758416517
121318 -8.73256853117 0.565225251265 0.484728850103 -0.454051710731 0.530298601096 -0.531035409841 0.480230932712
121384 -8.72236950115 0.552655627267 0.48793020705 -0.453595937172 0.530261480013 -0.532101627664 0.479521938342
121450 -8.71311813088 0.541013968032 0.490377404697 -0.454789698792 0.532651469417 -0.531007987887 0.476947857528
121516 -8.70463173401 0.52996228308 0.492295740547 -0.455848100949 0.534079269398 -0.529880466199 0.475592780575
121582 -8.69742101519 0.519602560775 0.494279982456 -0.456945356103 0.536749411701 -0.526586424814 0.475192226964
121648 -8.69123914085 0.509037950719 0.495794179402 -0.459204610204 0.539089161002 -0.523306530228 0.473987551313
121714 -8.686354005 0.497860808824 0.49689136489 -0.462255812261 0.54027192626 -0.520738481372 0.472500934673
121780 -8.68271282867 0.485776937374 0.497914193666 -0.464091986039 0.541452616968 -0.519950041843 0.470212341459
121846 -8.68071468779 0.473056178025 0.498680523373 -0.465028493166 0.543221948076 -0.519165415548 0.468108566767
121912 -8.68120321176 0.459132762107 0.498762655296 -0.466855216404 0.543054324287 -0.517821922841 0.467972906523
121978 -8.68247327589 0.443007182285 0.49898424908 -0.467531116173 0.54035975332 -0.519036576981 0.469070343435
122044 -8.68545252982 0.425013251178 0.50018358218 -0.468637192153 0.539050071003 -0.518792586567 0.469742940797
122110 -8.68981471713 0.404838027963 0.502475873002 -0.470344271957 0.53850783183 -0.517942081227 0.469597254452
122176 -8.69525607248 0.382708355368 0.505871661761 -0.471816434218 0.539034261902 -0.517511654839 0.467988207048
122242 -8.70206851228 0.35894729104 0.510064206288 -0.473143825715 0.540156129014 -0.516959831492 0.465960064849
122308 -8.71066952981 0.334607528968 0.514530840222 -0.474918156926 0.539101475191 -0.514868370304 0.467688824676
122374 -8.71922922123 0.309669843912 0.518942472992 -0.474377789108 0.536670077435 -0.515680696681 0.470132226141
122440 -8.72810993376 0.284277183309 0.523520895509 -0.474242796333 0.535644438882 -0.517155929127 0.46981757118
122506 -8.73802407692 0.258954893581 0.527571169585 -0.47697649982 0.534492078486 -0.517201720368 0.468309647593
122572 -8.74804651764 0.23438771005 0.531537135392 -0.479965483299 0.532576901746 -0.516509275886 0.468202007069
122638 -8.75804792774 0.210546335629 0.534964258698 -0.481221150702 0.531674985878 -0.515887188451 0.46862385761
122704 -8.76780160684 0.187055361379 0.537947620575 -0.481956105398 0.532039082028 -0.515521001937 0.467857643857
122770 -8.77748089364 0.16375640512 0.540714157573 -0.483773807217 0.533290565 -0.515009488532 0.46511214073
122836 -8.78675223336 0.14059776498 0.543056740584 -0.484654159859 0.53441450201 -0.51629325525 0.461467948005
122902 -8.79554694325 0.117627615063 0.544612364551 -0.484093732471 0.53398863417 -0.518559606842 0.460005783838
122968 -8.80368711825 0.0954073434197 0.546374081563 -0.482790593441 0.534029905122 -0.520217787183 0.459454829607
123034 -8.81146837655 0.0736935222203 0.54702353049 -0.482036096869 0.534392251108 -0.521755289358 0.45808019983
123100 -8.81836705375 0.05259119809 0.54731572759 -0.482127357191 0.537169138907 -0.522517350374 0.453848153254
123166 -8.82324099116 0.0326989740685 0.548590613979 -0.480145835039 0.540817839761 -0.522883242767 0.451186358928
123232 -8.82725602901 0.0136675733623 0.550322495116 -0.478814887212 0.541089802528 -0.522452163668 0.452771228589
123298 -8.82961874744 -0.00482996518035 0.551560625445 -0.4764642629 0.538507710718 -0.523349635657 0.45727046082
123364 -8.83090080645 -0.0230117972762 0.551781616531 -0.475844370757 0.536279293687 -0.522863375445 0.46107534974
123430 -8.83122799402 -0.0409565684213 0.551154673622 -0.47683853787 0.536720595722 -0.520523385775 0.462181150406
123496 -8.8302115429 -0.0591294281481 0.549175803115 -0.478022057782 0.537703430634 -0.518866504554 0.461678977066
123562 -8.82775958634 -0.0776318524036 0.545790918709 -0.478595160572 0.536625262509 -0.519902052947 0.461174374788
123628 -8.82390323992 -0.0962250143509 0.54217321126 -0.47997662946 0.533166858988 -0.520924297151 0.462594119596
123694 -8.81970276304 -0.114452203693 0.538992956741 -0.483524923734 0.529947780006 -0.521474424112 0.461977457756
123760 -8.81585670296 -0.132321851101 0.537271703997 -0.487791467202 0.528069094677 -0.52163194671 0.459459060138
123826 -8.81097134077 -0.149653026596 0.538362937313 -0.487738773488 0.526274453416 -0.522217274956 0.460906830443
123892 -8.80561648087 -0.167147953741 0.541713336123 -0.486301575508 0.52559548166 -0.521467949991 0.464038061628
123958 -8.80056047647 -0.185215025347 0.545198316687 -0.485864329926 0.525089190527 -0.520843066891 0.465767827718
124024 -8.79577163849 -0.203000199428 0.548441906595 -0.484045098454 0.524878137479 -0.51896870938 0.469972917599
124090 -8.79207013837 -0.220941540452 0.550644364143 -0.48337589741 0.525811507097 -0.514416101425 0.474600964392
124156 -8.78874251888 -0.238818755915 0.552361694215 -0.482469770713 0.528079643443 -0.508776874067 0.479062289373
124222 -8.785330182 -0.257007977289 0.55501169241 -0.483037907069 0.530480422528 -0.505020094081 0.479812019438
124288 -8.78157530622 -0.275290334997 0.558749256722 -0.482131980616 0.530761900186 -0.503814483389 0.48167568824
124354 -8.77858661489 -0.293479095597 0.562628453027 -0.479867244022 0.529466936202 -0.503929082819 0.485229379409
124420 -8.77780880994 -0.311988195344 0.566092676934 -0.480212740635 0.528003261577 -0.502068630523 0.488400828972
124486 -8.77814818729 -0.330770723439 0.570635739458 -0.480609916498 0.528351687018 -0.499098317752 0.490672374395
124552 -8.77972687761 -0.350398127649 0.575542907164 -0.481610345702 0.529161614275 -0.496430610704 0.491524247782
124618 -8.78202768398 -0.370945943922 0.580572348228 -0.482779020589 0.52812771555 -0.494968633854 0.492962005308
124684 -8.78491278598 -0.391759044626 0.585755912389 -0.483505101341 0.525578427672 -0.493448666324 0.496486048212
124750 -8.78854291626 -0.412728539458 0.590275060532 -0.483333244935 0.523048851675 -0.492418025241 0.500333250464
124816 -8.79220125943 -0.433810117948 0.594106297154 -0.483288051327 0.523119913144 -0.491480189205 0.501223913017
124882 -8.79627926349 -0.455279728793 0.596594646691 -0.485008449038 0.525033640454 -0.490749644617 0.498268161567
124948 -8.80097553203 -0.476718868455 0.597755206837 -0.486075976188 0.527510219064 -0.491117951213 0.494232957268
125014 -8.80641923403 -0.498140829031 0.598307860082 -0.485958184191 0.528127123208 -0.492560590624 0.492250381359
125080 -8.81266630631 -0.519561773545 0.598884817722 -0.486500187322 0.527536668286 -0.493172496891 0.491735212955
125146 -8.81935259957 -0.540835270059 0.600509015895 -0.486745991585 0.528317007225 -0.492533507326 0.491294421109
125212 -8.82654921848 -0.562291172036 0.602770775669 -0.486858445885 0.528687584464 -0.492033162827 0.491285712159
125278 -8.83405023097 -0.583895482957 0.605447749149 -0.48666169603 0.528866670119 -0.491440512378 0.491880737633
125344 -8.84136354939 -0.605876968697 0.607989139384 -0.485822694261 0.528274674838 -0.49268890289 0.492097322765
125410 -8.84834356747 -0.627903412749 0.609474461328 -0.483387629416 0.52696757313 -0.496133162156 0.492436251718
125476 -8.85453581599 -0.649497863621 0.610922029617 -0.481040327945 0.525942027117 -0.499310345687 0.492619841328
125542 -8.85972296091 -0.670915222801 0.612200889167 -0.481111964165 0.52499344437 -0.50105975289 0.491784782141
125608 -8.86395972377 -0.6916354569 0.613566544531 -0.482523685464 0.525798036275 -0.500388538288 0.490223029852
125674 -8.86541106591 -0.711266869059 0.615283449131 -0.481261961035 0.52674720853 -0.500099609964 0.49073887469
125740 -8.86567057042 -0.730198208011 0.61568725137 -0.481332337928 0.528022382808 -0.498862665461 0.490558441704
125806 -8.8647171896 -0.749264914543 0.613944705307 -0.483396051328 0.528723062796 -0.498735359953 0.48789665586
125872 -8.86161642391 -0.767618115849 0.612222711099 -0.484714124819 0.529419847055 -0.498186471936 0.486391889719
125938 -8.85675323131 -0.784792186116 0.610354502879 -0.485597413989 0.528161950301 -0.496917741098 0.488172931672
126004 -8.85090325721 -0.800935789426 0.608091005064 -0.486460347034 0.525980469065 -0.4960289355 0.490567122928
126070 -8.84340067611 -0.816797155235 0.60590112124 -0.487768354675 0.5230019588 -0.496499507634 0.491974818653
126136 -8.83467230156 -0.832504116251 0.60374508049 -0.491367722332 0.520959718976 -0.497037232865 0.490012784852
126202 -8.82527808561 -0.84852809383 0.601317069786 -0.493805683488 0.521365022381 -0.498361392371 0.485767777788
126268 -8.81480710376 -0.864390266544 0.600157289791 -0.493340430579 0.521978462697 -0.498895278431 0.485033174942
126334 -8.80558265014 -0.879582044266 0.600601979702 -0.494238263829 0.52496439659 -0.494067077986 0.485837832768
126400 -8.79656468146 -0.895027651761 0.602038413327 -0.494010173322 0.528545096424 -0.491036785039 0.485259626838
126466 -8.78769992751 -0.911139057636 0.602968557147 -0.492347922571 0.529323255133 -0.492908026557 0.484202483276
126532 -8.78030035372 -0.927239676082 0.603085741274 -0.491005307217 0.53042356387 -0.493262341711 0.484000866966
126598 -8.77388705516 -0.943054631873 0.602880044341 -0.490198154655 0.533964449471 -0.490198305171 0.484038511669
126664 -8.76845711938 -0.959469626889 0.602717235121 -0.489422704532 0.535398073555 -0.487343493432 0.486117824865
126730 -8.76443584509 -0.977460285379 0.60244379961 -0.488713305843 0.536056397253 -0.484968989791 0.48847509926
126796 -8.76135222701 -0.997860513825 0.600992865141 -0.487981641839 0.536082986258 -0.484645030473 0.489497839379
126862 -8.75942940277 -1.02028563918 0.598529356536 -0.487192242032 0.536245872132 -0.485771015334 0.488989358148
126928 -8.75810230788 -1.04451367097 0.596230752412 -0.486741151935 0.536835277689 -0.48700725595 0.48756009515
126994 -8.75794332829 -1.07028264682 0.594342535056 -0.487032564031 0.538775165128 -0.487456403924 0.484671800111
127060 -8.75818308463 -1.09748655146 0.593092828908 -0.487588362386 0.539251500431 -0.489165340461 0.481853377948
127126 -8.75813450515 -1.12535224431 0.592957992491 -0.486921691103 0.538193218093 -0.49172437561 0.481105409701
127192 -8.7581730047 -1.15378189488 0.592764842915 -0.485647523203 0.53716488818 -0.494056855283 0.481152967745
127258 -8.75855420223 -1.18255533759 0.592184331673 -0.485454512355 0.53719164354 -0.495344321257 0.479992746854
127324 -8.75915548239 -1.21139448889 0.591572230528 -0.486629374897 0.537036062913 -0.495656193983 0.478653366153
127390 -8.7602629963 -1.23940743714 0.591256954963 -0.488283414189 0.537003295253 -0.493804710392 0.478919279534
127456 -8.76155936359 -1.26673987038 0.591080648808 -0.489121320751 0.536891105066 -0.491669823269 0.480384247121
127522 -8.76294967397 -1.29425296374 0.590435186378 -0.491471730995 0.536462367169 -0.491211742044 0.478930715463
127588 -8.76409155738 -1.32102302529 0.589418970677 -0.494398238146 0.53584535645 -0.491893165189 0.475900411517
127654 -8.76509274589 -1.34625074588 0.588393802482 -0.496324184588 0.534140748511 -0.492990612707 0.47467477686
127720 -8.76568985653 -1.37048818165 0.586464395235 -0.497902314467 0.531416883947 -0.495076846773 0.473907476723
127786 -8.76498950616 -1.39352653821 0.584540371314 -0.498849862904 0.531148066339 -0.495279261767 0.472999988254
127852 -8.76255262782 -1.41513019712 0.583222643954 -0.498163463561 0.532437905206 -0.493301525753 0.474338053752
127918 -8.75861784976 -1.43597939961 0.581679997619 -0.498417211225 0.533281988964 -0.490695347368 0.47582416773
127984 -8.75345847894 -1.45620455124 0.579702157077 -0.499939293559 0.535129911191 -0.487393593765 0.475546103554
128050 -8.74670431767 -1.47555732161 0.577280547563 -0.49966155908 0.537540138157 -0.485335873702 0.475224174412
128116 -8.7385499636 -1.49437881304 0.573969239528 -0.498808532657 0.538914771862 -0.484913731647 0.474994298018
128182 -8.72965564498 -1.51317177892 0.569619769401 -0.500028159382 0.539333953191 -0.484856470912 0.473291555084
128248 -8.71944946202 -1.53135807619 0.56565107174 -0.501766634015 0.539193999763 -0.484236222262 0.472245008544
128314 -8.70808610428 -1.54856147602 0.562396717852 -0.502420937337 0.538670854854 -0.482535365654 0.47388447853
128380 -8.69598579746 -1.56616024635 0.558904906212 -0.504215211954 0.537969609978 -0.482084266027 0.473234063888
128446 -8.68267454099 -1.5840582819 0.556158976738 -0.506391894516 0.53715557036 -0.482244278537 0.471668890314
128512 -8.6695484582 -1.60094573898 0.555888799631 -0.50873992438 0.539743588234 -0.479448997281 0.469029946387
128578 -8.65663983425 -1.61776358667 0.557187123804 -0.508697349783 0.541861777574 -0.478790770957 0.467303129669
128644 -8.6443702431 -1.63453439026 0.559278238654 -0.506822509309 0.54040589324 -0.480124055063 0.469652179896
128710 -8.63304747947 -1.6504215657 0.561949677191 -0.503573077595 0.538675088271 -0.480862238463 0.474357262427
128776 -8.62232803633 -1.66569803497 0.564686669935 -0.500363467051 0.538865184029 -0.480229887434 0.478163042963
128842 -8.6122303305 -1.68109071705 0.565973798279 -0.499781898857 0.539651764103 -0.478836003977 0.479280822197
128908 -8.60183760391 -1.69631181082 0.565825065606 -0.499439596546 0.539913485247 -0.478426906277 0.479751196486
128974 -8.59066754133 -1.71143602388 0.565101522142 -0.498809239411 0.539399444149 -0.478393623651 0.481016716407
129040 -8.57887942082 -1.72715727751 0.563559965093 -0.497682407151 0.537668551773 -0.478818796851 0.483691337351
129106 -8.56653857047 -1.7439118507 0.561733008411 -0.497200057708 0.5363570996 -0.478331882009 0.48611907203
129172 -8.55426249113 -1.76227979796 0.559224649517 -0.499021694421 0.535361030992 -0.476954168952 0.486703822014
129238 -8.54186854484 -1.78187911308 0.557043893816 -0.501059173166 0.534526817532 -0.475427695607 0.487020793875
129304 -8.52923356729 -1.80321559584 0.55559250027 -0.503209420631 0.533148719051 -0.47495854043 0.486772097182
129370 -8.51649446219 -1.82625428766 0.554760500553 -0.505668123521 0.531642692089 -0.474259799857 0.486552606655
129436 -8.50323374703 -1.85064344715 0.554245483331 -0.506071772501 0.529494017598 -0.473323185459 0.489379669818
129502 -8.48998793663 -1.87628209491 0.552858509844 -0.505008068404 0.527271884973 -0.471501508489 0.494608313379
129568 -8.47695693184 -1.90285824246 0.548903824372 -0.505482108321 0.526931185273 -0.467515302305 0.498257653735
129634 -8.46395062601 -1.93037689096 0.542458054499 -0.50984233335 0.529218524423 -0.463278274653 0.495339683867
129700 -8.44983174275 -1.95799160459 0.535740591086 -0.514413840303 0.529452024933 -0.463079253583 0.490526817922
129766 -8.43589822287 -1.98371767107 0.530441135676 -0.517153181112 0.529562521917 -0.463629389765 0.486994693628
129832 -8.42301817802 -2.00718756766 0.527032931595 -0.519506614193 0.529477242844 -0.462256185904 0.485886739154
129898 -8.41041050521 -2.02918172942 0.524132006035 -0.519974093257 0.52571114485 -0.463557718048 0.488230298329
129964 -8.39836141505 -2.04928407078 0.520309271099 -0.518192821114 0.522412020122 -0.464936631696 0.492336868862
130030 -8.38581039777 -2.06723445591 0.515821583853 -0.514317459295 0.521232039858 -0.463317596115 0.499130761244
130096 -8.37321388913 -2.08383750202 0.51082143372 -0.510772669987 0.521173789712 -0.460028407458 0.505828806194
130162 -8.36040320228 -2.09979639513 0.505488349483 -0.508120011926 0.521914796711 -0.457972451696 0.509588238136
130228 -8.34647751268 -2.11520689482 0.499227820033 -0.506150424964 0.521287957824 -0.458469358626 0.511738648224
130294 -8.3322106771 -2.12907335659 0.492381130929 -0.50500751506 0.521735719652 -0.457985152586 0.512843872402
130360 -8.31660913097 -2.14177633373 0.484345258907 -0.502703331096 0.522322104847 -0.459149643217 0.513469166383
130426 -8.29814776977 -2.15343538651 0.475485722031 -0.497040724143 0.522366893332 -0.464073988948 0.514507878165
130492 -8.27811645863 -2.16384984609 0.466395047636 -0.492576213315 0.522258859503 -0.46783826177 0.515501364534
130558 -8.2567037616 -2.17303911867 0.457091484283 -0.490833074475 0.524497702543 -0.469243038969 0.513610723167
130624 -8.2332547221 -2.18099825851 0.448533897696 -0.490231987647 0.527717270661 -0.469294371584 0.510832338965
130690 -8.2079687976 -2.18777654233 0.44045049102 -0.4887190702 0.530027442644 -0.469943055444 0.509291768152
130756 -8.18298574801 -2.19400701687 0.432081213535 -0.48865057563 0.530506722286 -0.46987351142 0.508922501948
130822 -8.15813726123 -2.1999542445 0.424700041711 -0.487982823374 0.529858778042 -0.470545440175 0.509616895176
130888 -8.13366567546 -2.20572316048 0.419282512823 -0.485230158151 0.528138652436 -0.473375589776 0.511406565188
130954 -8.11007645259 -2.2117050033 0.414777926863 -0.481878446273 0.524444622205 -0.477507894356 0.514525976024
131020 -8.08763549606 -2.21798095132 0.410895509311 -0.480489875112 0.521924397137 -0.479295992404 0.516720190484
131086 -8.06581043231 -2.22503799127 0.407732214422 -0.481170945696 0.52175158882 -0.477963776116 0.517494288595
131152 -8.04412474849 -2.23356731208 0.40493720781 -0.483226328635 0.522431885212 -0.475292235157 0.517353365044
131218 -8.02204500223 -2.24351304248 0.401933960345 -0.484027458416 0.520463151559 -0.473386187312 0.520327708662
131284 -7.99998606329 -2.25479044721 0.398482971302 -0.485658330249 0.5168135972 -0.470543707884 0.525002864964
131350 -7.97764687888 -2.26766941651 0.39415237971 -0.487957808461 0.512726618447 -0.468752597013 0.528469104765
131416 -7.95454665767 -2.28202483951 0.390097894524 -0.489586863531 0.510861638845 -0.468250563145 0.529213077519
131482 -7.93008814738 -2.29763848767 0.386865612076 -0.490018935433 0.50897854155 -0.469678208625 0.529362421467
131548 -7.90576074947 -2.31371081587 0.384368240797 -0.491782260112 0.503396523453 -0.47159671229 0.531355276931
131614 -7.88340656213 -2.32929364643 0.382043882591 -0.497469881189 0.497393491907 -0.470661217759 0.532542156867
131680 -7.86127786231 -2.3436736685 0.380691535546 -0.50214521811 0.493951686012 -0.469788698852 0.532128264845
131746 -7.83923884267 -2.35648541101 0.380287600997 -0.505135538783 0.492589205464 -0.468760919136 0.531466919129
131812 -7.81764589552 -2.36808245308 0.37976757396 -0.507426744288 0.489803956535 -0.468264078531 0.532295790025
131878 -7.79613855997 -2.37793062992 0.379143847323 -0.506949944723 0.48474486985 -0.468206677197 0.537407183863
131944 -7.77482104638 -2.38598397517 0.378014252601 -0.504864722654 0.482589657616 -0.467659022747 0.541769132457
132010 -7.75416445585 -2.39198758912 0.376015378404 -0.505230910351 0.48432620875 -0.463864223187 0.543138871
132076 -7.73270725412 -2.39591215924 0.373450332686 -0.507668018202 0.487610533213 -0.460415207243 0.540857511361
132142 -7.70969072343 -2.39783652078 0.370598892755 -0.509664597653 0.489641778561 -0.459474602967 0.537936779954
132208 -7.68548586963 -2.39747851413 0.368298148712 -0.509863764898 0.490794831179 -0.460269645246 0.536014189588
132274 -7.66050604443 -2.3949703735 0.366582313193 -0.507937268706 0.489802846664 -0.462692008866 0.536664642985
132340 -7.63561244942 -2.39064760733 0.365147042508 -0.506822846949 0.48788820601 -0.46350061532 0.538760503235
132406 -7.60955259333 -2.38475734632 0.36462378243 -0.506623084871 0.487022532912 -0.46337873031 0.539835389471
132472 -7.58252551482 -2.3771657279 0.365412509276 -0.507014633258 0.488529953571 -0.4615330305 0.539686843128
132538 -7.55412087255 -2.3688915231 0.366676443576 -0.504202551528 0.489570338705 -0.462963990789 0.540152620414
132604 -7.52540894111 -2.36067950012 0.367251120525 -0.499620747444 0.48890337739 -0.466696171715 0.541799963122
132670 -7.49801293281 -2.35295239856 0.367600891379 -0.498747816888 0.490049386522 -0.466476439821 0.541758197918
132736 -7.47122828133 -2.34612571996 0.367971689685 -0.500125874884 0.491971522677 -0.46351155197 0.541290204675
132802 -7.44500782851 -2.3403614752 0.368028343883 -0.5015718842 0.493291697929 -0.459563645748 0.54211631885
132868 -7.41855852832 -2.33525851689 0.368228241599 -0.501780614327 0.494366193626 -0.456340675457 0.543664834913
132934 -7.39136179901 -2.33134834649 0.367458298923 -0.50093201213 0.496059359442 -0.45610066902 0.543106240911
133000 -7.36428372023 -2.3281809087 0.365864340935 -0.500746407207 0.497291829944 -0.455497211151 0.542656578486
133066 -7.33646188695 -2.32573444014 0.364024891834 -0.501672768389 0.497993243155 -0.455772317772 0.540923942468
133132 -7.30928489522 -2.32369888287 0.361966569505 -0.504308108456 0.497029191446 -0.455431607607 0.539645560033
133198 -7.28249676201 -2.32220833029 0.359853442699 -0.50665321258 0.494352577199 -0.455304401721 0.540014717617
133264 -7.25539591839 -2.32111938482 0.358212260169 -0.508522489805 0.49222047647 -0.4547755602 0.540650558561
133330 -7.22718960646 -2.32069691037 0.357392425721 -0.508967959313 0.491218518334 -0.454191662086 0.541632640938
133396 -7.19810163664 -2.32123574846 0.357628346438 -0.509898362228 0.48992719927 -0.453675454109 0.542359214906
133462 -7.16926661793 -2.3230557701 0.357507273947 -0.512898779143 0.486446157214 -0.453817554841 0.542544476302
133528 -7.14080799723 -2.32514094154 0.356513227002 -0.515458075193 0.483026041102 -0.455241210906 0.541981744564
133594 -7.11355523418 -2.32635515987 0.355983886771 -0.518991874945 0.482212573793 -0.454639336118 0.539834632155
133660 -7.08710906894 -2.326939914 0.356308985739 -0.522407223164 0.481298234506 -0.452764386453 0.538931454832
133726 -7.0609448965 -2.32728891906 0.357023956838 -0.523135009378 0.480196574969 -0.451151869052 0.540558003599
133792 -7.03524458896 -2.32694445727 0.357052228763 -0.523396603438 0.480433700546 -0.449463015074 0.541500171559
133858 -7.00927544706 -2.32530294466 0.355679653508 -0.523279487339 0.482123110593 -0.448305205069 0.541071444048
133924 -6.9820054457 -2.32189550314 0.353275982613 -0.52220682972 0.483489676003 -0.449117866027 0.540213701434
133990 -6.95326683355 -2.31657108462 0.350642997481 -0.519359917206 0.483843647579 -0.452679072685 0.539668655983
134056 -6.92422618859 -2.3087657156 0.348865431698 -0.517742752497 0.485652564888 -0.455005181388 0.537637633543
134122 -6.89486376096 -2.29852275958 0.349027337349 -0.515721732985 0.487817861813 -0.456184412706 0.536619551043
134188 -6.86486220672 -2.28633672732 0.350944087802 -0.510460804496 0.488276898866 -0.45842386289 0.53931689752
134254 -6.8351775687 -2.2728299238 0.353498700201 -0.504182200477 0.488791433031 -0.460429059193 0.54303601615
134320 -6.80598153752 -2.25914962524 0.356519156889 -0.499391844114 0.491571052511 -0.46253745532 0.543161844014
134386 -6.77751964746 -2.24572091719 0.359298216218 -0.494518075437 0.495839128819 -0.466335052114 0.54048749134
134452 -6.75059517476 -2.23233323155 0.361555139456 -0.490322885795 0.498767206515 -0.469516103547 0.538859244068
134518 -6.72512113844 -2.22016122601 0.362404596397 -0.487395614798 0.498696756701 -0.472916208329 0.538606762511
134584 -6.7007625474 -2.20944153173 0.361798712543 -0.485271963849 0.497501907407 -0.475506817827 0.539347939117
134650 -6.67744885425 -2.19986805467 0.36001232047 -0.484564711336 0.497701436733 -0.475541493432 0.539769032482
134716 -6.65440034821 -2.19180786113 0.357834016329 -0.48627861452 0.499521515705 -0.47285541298 0.538905374959
134782 -6.63034861778 -2.18560053328 0.355421011188 -0.488780784374 0.501472467552 -0.470295250545 0.537067066668
134848 -6.60566855891 -2.1807438538 0.352431295792 -0.490460479691 0.502258292702 -0.468413888026 0.536445283903
134914 -6.5802523725 -2.17657465068 0.34974173675 -0.49010684379 0.501771521307 -0.467039454328 0.538418726484
134980 -6.55469251996 -2.17320331766 0.346957190287 -0.490945968125 0.50117271018 -0.465273174728 0.539739607433
135046 -6.52883832247 -2.17101604745 0.344763799642 -0.493560023789 0.500401770374 -0.463054020213 0.539979163899
135112 -6.50147507767 -2.17023856987 0.34394782754 -0.49406072559 0.498346217242 -0.463011293359 0.541456855511
135178 -6.47343508719 -2.17096642675 0.344416359775 -0.493005067469 0.494909379979 -0.463859534168 0.544834786724
135244 -6.44586939074 -2.17275296166 0.345568983196 -0.491394451809 0.493244162088 -0.463652171938 0.5479674284
135310 -6.41931928998 -2.1754507493 0.346735816308 -0.492921749227 0.49249347114 -0.462455509783 0.548282072928
135376 -6.39329146907 -2.1790220947 0.347352473781 -0.49683374446 0.491591417084 -0.462900720111 0.545175938402
135442 -6.36847663018 -2.18261925478 0.347397698684 -0.500834474271 0.489480673969 -0.4639475333 0.542518335964
135508 -6.34511476121 -2.18488524125 0.346964815774 -0.501389076139 0.487182119954 -0.464813520715 0.543333181576
135574 -6.32260320621 -2.18631488165 0.346322633486 -0.499891620851 0.487292390636 -0.465908744831 0.543675910585
135640 -6.30049825693 -2.18714104923 0.345507343083 -0.500574157871 0.489827407665 -0.466461473928 0.540285402831
135706 -6.27841431629 -2.18630226467 0.344060149338 -0.502486534924 0.491810879288 -0.466420627137 0.536731880519
135772 -6.25579610085 -2.18314885303 0.341904684961 -0.500940602237 0.493186006598 -0.466762026019 0.536618320491
135838 -6.23231532283 -2.17814227815 0.339310433931 -0.496804730676 0.495793901471 -0.468010349054 0.53697267516
135904 -6.20774807405 -2.17209037413 0.336645368786 -0.493774817865 0.499535728124 -0.470383868273 0.534218376421
135970 -6.18262852504 -2.16466658944 0.334079590951 -0.493094903768 0.503395487149 -0.47291903494 0.528959342282
136036 -6.15710574748 -2.15495830219 0.33175302907 -0.491415321961 0.50777208043 -0.475454508738 0.524043199796
136102 -6.13137009636 -2.14240776016 0.330237446181 -0.486582794255 0.511526435355 -0.477599039787 0.522950139967
136168 -6.10500602229 -2.1276271362 0.330008717826 -0.480463441591 0.514761243035 -0.479735325421 0.523478367575
136234 -6.07838536354 -2.11109393326 0.330357500314 -0.476907385874 0.517599398631 -0.481008446799 0.52276284328
136300 -6.05223428627 -2.0926643712 0.330550791949 -0.474741991956 0.521362808196 -0.480507421713 0.521453239498
136366 -6.02656370428 -2.07318732407 0.330317957699 -0.471723693414 0.524881703594 -0.479538446472 0.521554135833
136432 -6.00183524338 -2.05373290929 0.329370878629 -0.469107976371 0.528390292691 -0.478266687986 0.521538398486
136498 -5.97766236724 -2.03486303876 0.327539322647 -0.466345151379 0.531554265918 -0.478679113242 0.520421469559
136564 -5.95446887198 -2.01668840296 0.324477329728 -0.464924746673 0.533019219521 -0.480260796047 0.518734061673
136630 -5.93257903063 -1.99903001163 0.32040949126 -0.466200711343 0.532252255899 -0.481448588957 0.517273321393
136696 -5.91115839854 -1.98183359715 0.316397231709 -0.468746157635 0.530639803761 -0.481942141933 0.516168719837
136762 -5.8899777552 -1.96534600855 0.312892778777 -0.471943050581 0.529782139691 -0.480920683842 0.515088236153
136828 -5.86880228456 -1.95002503529 0.309998025213 -0.474702072691 0.529275889631 -0.47947663616 0.514419195271
136894 -5.84741577159 -1.93560527538 0.307078779904 -0.476332444027 0.528233934931 -0.478764861151 0.514645985943
136960 -5.82615442179 -1.9219754503 0.303790949813 -0.478392469506 0.526766892807 -0.478011834321 0.514938804142
137026 -5.80434108594 -1.90944594137 0.300779296642 -0.479578000047 0.52564509795 -0.478078128656 0.514920825375
137092 -5.78173042004 -1.89817614469 0.298300958869 -0.480454855426 0.523654228902 -0.479481398314 0.514827085241
137158 -5.75778778797 -1.88748690095 0.296849758783 -0.48016481162 0.52144528921 -0.481754610057 0.515217472719
137224 -5.73400786854 -1.87631834703 0.296145325576 -0.481796309619 0.520773526984 -0.480607823333 0.515444715099
137290 -5.71095646723 -1.86490112313 0.295256137864 -0.486313490586 0.521727667547 -0.477259793771 0.513344444832
137356 -5.68855761275 -1.85314971554 0.293715054825 -0.490980896539 0.521296707776 -0.475302523997 0.511150557017
137422 -5.66734490461 -1.84022831495 0.292468690922 -0.49436253792 0.519037638131 -0.473879802609 0.511510971975
137488 -5.6472343221 -1.82668066195 0.29183766804 -0.496627747031 0.516482419383 -0.472934516313 0.512776464113
137554 -5.62757382603 -1.8130905658 0.291441433727 -0.4987551962 0.515104158823 -0.473000561322 0.512036460091
137620 -5.60894607204 -1.79863004373 0.29044896172 -0.502491846688 0.515410967902 -0.472293678449 0.50871618755
137686 -5.59030497099 -1.78187275145 0.288914834511 -0.504366175397 0.515886759297 -0.472415412574 0.506260085602
137752 -5.57093820946 -1.76272287157 0.286793845954 -0.502950338922 0.515664200832 -0.474874341127 0.505594394281
137818 -5.55108462038 -1.74124126664 0.284173203597 -0.500411912579 0.516659996779 -0.477974036095 0.50417366379
137884 -5.53164060322 -1.71702779301 0.281531857484 -0.498726564086 0.5190652228 -0.479801810392 0.501630608646
137950 -5.51351488892 -1.69021181513 0.279104032258 -0.497982543395 0.521332666734 -0.480308938619 0.499528738465
138016 -5.49569654932 -1.66111202103 0.277260177318 -0.494902254692 0.524712808346 -0.481634862053 0.497770934021
138082 -5.47854928528 -1.63016239064 0.276079928473 -0.491972155434 0.527693998486 -0.482420407983 0.496762479098
138148 -5.46189688779 -1.59884458786 0.275358461431 -0.490433142082 0.530345769052 -0.483075396589 0.494819945491
138214 -5.44600229701 -1.56843974469 0.274949730815 -0.489585441598 0.533782929615 -0.483330821403 0.491704278976
138280 -5.4312592316 -1.53954494221 0.274537923925 -0.488901917158 0.536026034798 -0.483758989299 0.489518381361
138346 -5.4172752472 -1.51242406298 0.273728092307 -0.487931076616 0.537330466847 -0.484390199301 0.488431507892
138412 -5.40422141705 -1.48751294056 0.271997939875 -0.487772225514 0.539639532128 -0.484310489145 0.486117996361
138478 -5.39222721666 -1.46509262535 0.269213408533 -0.489165211566 0.542553814389 -0.483335910997 0.482430360005
138544 -5.38003475132 -1.44504568638 0.266392982784 -0.490375292669 0.544609281215 -0.482556118151 0.479658583082
138610 -5.36664016342 -1.42692109029 0.263780424748 -0.490709613256 0.545284678355 -0.482133339259 0.478974047505
138676 -5.35336815416 -1.41034297675 0.260285822051 -0.492066986721 0.54420137013 -0.481271443848 0.479679811741
138742 -5.33983764214 -1.39464246062 0.256419967222 -0.492710526093 0.543635422801 -0.479964856854 0.480968380587
138808 -5.32559774849 -1.37903073254 0.252979666478 -0.492790493649 0.543802299689 -0.47792746192 0.48272340427
138874 -5.3096049542 -1.36336242735 0.250907631195 -0.492117888089 0.545246938708 -0.475579517954 0.484096924905
138940 -5.29091238478 -1.34799599062 0.250562433717 -0.490817590488 0.546042020956 -0.475300835447 0.484794100667
139006 -5.27087483856 -1.33277502262 0.250892037495 -0.490576882398 0.543559524554 -0.477111012602 0.486047640031
139072 -5.25022635061 -1.31652428686 0.251600847871 -0.491211259955 0.540043853354 -0.478280176054 0.488172267405
139138 -5.22982696955 -1.29927292915 0.252778782087 -0.494857929811 0.538746178544 -0.476006809035 0.488145027837
139204 -5.20970199864 -1.28214114793 0.254290129505 -0.499810910633 0.539182777729 -0.47232009717 0.486193893951
139270 -5.18957469309 -1.26531439531 0.255119368874 -0.503379845657 0.537080193514 -0.470160456787 0.486931968139
139336 -5.17020127057 -1.24888504619 0.254047019092 -0.505417663617 0.532251631985 -0.469782555398 0.490474641765
139402 -5.15261156068 -1.23303172779 0.251564603562 -0.509678776142 0.531549912334 -0.467569743639 0.48893806539
139468 -5.1363497221 -1.21700833794 0.24899997226 -0.516481517518 0.535322803778 -0.462778967155 0.482194466458
139534 -5.11992046419 -1.20036756529 0.246807912337 -0.521288739779 0.536478273783 -0.461157608935 0.477265859201
139600 -5.10299867055 -1.18293974257 0.245029091848 -0.520266237554 0.533636754828 -0.465630502234 0.477224361645
139666 -5.08769436564 -1.16473458338 0.243370732791 -0.518203083099 0.531094170396 -0.470695090877 0.477336934394
139732 -5.07372683962 -1.14505273418 0.242108345344 -0.516825797459 0.532474599415 -0.473380408772 0.474629136554
139798 -5.06052114007 -1.12272315186 0.241292617286 -0.515272798774 0.53497602066 -0.474318636045 0.472563614485
139864 -5.04699086044 -1.0976969138 0.24065034829 -0.511345415961 0.536610522574 -0.47735614756 0.471917233532
139930 -5.03388527968 -1.07039493906 0.240204464175 -0.506639427006 0.540259073288 -0.480605984357 0.469525837982
139996 -5.02109696949 -1.04147667174 0.24016669095 -0.501429334634 0.545501790492 -0.483943579294 0.465612170699
140062 -5.00946167126 -1.01081067316 0.240685441071 -0.497648978149 0.54995635726 -0.485496786265 0.462802596207
140128 -4.99909838542 -0.978901842829 0.241765577039 -0.493721556252 0.554227299797 -0.486041096598 0.461340478886
140194 -4.99015550303 -0.946787272759 0.242993914469 -0.489720600644 0.558176173916 -0.486243262789 0.460630480885
140260 -4.98263622792 -0.915319812873 0.24432436576 -0.486888535117 0.560858429383 -0.485823968941 0.460817152203
140326 -4.97594108862 -0.885067414086 0.245932181152 -0.484993555702 0.562802536753 -0.484379097325 0.461964685037
140392 -4.96961108174 -0.856499631666 0.248338037303 -0.482522201876 0.566628417177 -0.480620739348 0.463797387411
140458 -4.96248064886 -0.830266446053 0.251514755928 -0.478213534494 0.571819395885 -0.476854730255 0.465772275152
140524 -4.95515179024 -0.806719957438 0.253082284388 -0.475776489111 0.573684314071 -0.476006416513 0.466841438025
140590 -4.94811443119 -0.78538275399 0.252016200935 -0.476822280487 0.573461766582 -0.477660011171 0.464352268034
140656 -4.94163681716 -0.765011019184 0.249177677798 -0.479816319433 0.574246162796 -0.47841328567 0.459497816371
140722 -4.93503291868 -0.744711352124 0.246073828463 -0.48232833908 0.573521694727 -0.47840699667 0.45777610354
140788 -4.92763711703 -0.72417172099 0.242860556762 -0.484095032931 0.571582744096 -0.477834265712 0.45893304172
140854 -4.91945417899 -0.703472345966 0.239050377838 -0.48621941901 0.572117499785 -0.475585879986 0.458355983178
140920 -4.9094527402 -0.682428977686 0.235727863314 -0.48656799245 0.574828693982 -0.473366434697 0.456889242378
140986 -4.89751143222 -0.660672336389 0.234167848794 -0.484569327344 0.574647946564 -0.472783482725 0.459834623841
141052 -4.88427566563 -0.63808837979 0.234620454061 -0.482104005302 0.572019207539 -0.473007258042 0.465439337881
141118 -4.8705838865 -0.615203779894 0.235817995183 -0.48004689044 0.571352769237 -0.473787718197 0.46758548349
141184 -4.85722697679 -0.591900470707 0.236616676698 -0.479709088886 0.572546755101 -0.473737428207 0.466521393724
141250 -4.84306399083 -0.568340581674 0.238497796337 -0.479473388856 0.575619539045 -0.473315094143 0.463400730799
141316 -4.82954614479 -0.545326693663 0.24080211631 -0.479579250443 0.577935614691 -0.473537350967 0.460170112757
141382 -4.81732942153 -0.52294376882 0.242547199508 -0.479438609854 0.575352429279 -0.475644276893 0.461379029316
141448 -4.80683403405 -0.501143316776 0.243562575086 -0.479417105743 0.571907461235 -0.478184570224 0.463055692543
141514 -4.79729172264 -0.479959308677 0.244381840142 -0.48085594095 0.571601606991 -0.479655376693 0.460412585817
141580 -4.78780516397 -0.458913616548 0.245056895235 -0.482558476938 0.571900801374 -0.480969470302 0.456875429806
141646 -4.77872524659 -0.437231650421 0.245390354003 -0.482846887422 0.57054465218 -0.483506291605 0.45558675736
141712 -4.77043047873 -0.414279016032 0.245452066589 -0.482427270696 0.569386934336 -0.486107469944 0.454710821352
141778 -4.76296384834 -0.389364099058 0.24534023546 -0.481275654355 0.569775381834 -0.488299398991 0.453093176112
141844 -4.75638125764 -0.361967078133 0.245200378193 -0.478986163102 0.569546412216 -0.49066779302 0.453248479346
141910 -4.75104508505 -0.331996791799 0.244714183865 -0.476693889506 0.569313094275 -0.492646678163 0.453811400132
141976 -4.74710755473 -0.299712391177 0.243862676777 -0.474059413454 0.570940241429 -0.494221026009 0.452813839333
142042 -4.74419522572 -0.265502873186 0.242546646496 -0.471817407106 0.573557651834 -0.495312946801 0.450649551006
142108 -4.74203998926 -0.230121615937 0.241275177906 -0.471841160865 0.575144119671 -0.494733948614 0.449236525077
142174 -4.74068426574 -0.194590805929 0.240193860588 -0.472774985609 0.577844509372 -0.493335774151 0.446317320864
142240 -4.74067563488 -0.158858556761 0.239818546383 -0.472050421425 0.581452563056 -0.491361922004 0.444572579173
142306 -4.74087801014 -0.123370415988 0.240693758657 -0.468378864107 0.581399153912 -0.491953964785 0.447858578834
142372 -4.74132333506 -0.0893991382977 0.241952502188 -0.464945838181 0.579682425314 -0.494284784396 0.451083312384
142438 -4.74190025144 -0.0574720793949 0.242401912905 -0.463610280357 0.580169146154 -0.49543379691 0.450571409574
142504 -4.74181230493 -0.027754888406 0.242397768281 -0.463022419022 0.582687492193 -0.494507293325 0.448940974539
142570 -4.74152742512 -0.00111627858064 0.241357567121 -0.46397199755 0.583711940505 -0.493536023269 0.447696939611
142636 -4.74082387135 0.0227178177802 0.238731735799 -0.466020995653 0.581931912753 -0.494471282825 0.446853146978
142702 -4.73926511248 0.0448428126584 0.235409915803 -0.468913002087 0.580777991348 -0.495004715556 0.444733387497
142768 -4.7360840908 0.0651806377078 0.23154245517 -0.471376596756 0.580728306989 -0.495477311575 0.441657020146
142834 -4.73155302504 0.0835194348711 0.22696290163 -0.472672405546 0.579234014333 -0.497319202554 0.440161684214
142900 -4.72569194941 0.100698994604 0.222503953519 -0.471987141435 0.577572337077 -0.499625829011 0.440468347046
142966 -4.71864108611 0.117160109913 0.21882384873 -0.471099937419 0.577106602776 -0.500506207567 0.441028728337
143032 -4.71070939989 0.133521696087 0.216368919724 -0.469532460501 0.579097935133 -0.499525264271 0.441202106617
143098 -4.70124920246 0.150046343342 0.215358959589 -0.46559444664 0.580961758267 -0.500296595043 0.442050287229
143164 -4.69035195391 0.16687874936 0.215434593121 -0.461710028797 0.580696340656 -0.503368046028 0.442985427271
143230 -4.67893531736 0.184450041611 0.21569736317 -0.459506683093 0.58186399211 -0.505720733915 0.441060587865
143296 -4.66802378478 0.202849182722 0.215944078297 -0.458525923185 0.58421409314 -0.505831351609 0.438842157077
143362 -4.6563515962 0.222611762973 0.217164582352 -0.455983407186 0.585373641976 -0.505689548402 0.440107805459
143428 -4.64496886735 0.242679598487 0.219144657677 -0.455349271036 0.58567632402 -0.505349997134 0.440751233041
143494 -4.63437866013 0.26337608448 0.222016039331 -0.457465320496 0.587215654547 -0.503936036893 0.438122858626
143560 -4.62464535198 0.285567010064 0.225121272083 -0.459600635553 0.585047253921 -0.504114930026 0.438583063745
143626 -4.61579056611 0.307831356609 0.227310268955 -0.459787134632 0.579978297948 -0.507655795337 0.441028830643
143692 -4.60822425729 0.329752438029 0.229382391449 -0.461088434133 0.57850592168 -0.508092764488 0.441100971351
143758 -4.60101421067 0.351850884387 0.230689789857 -0.463295772227 0.579009438193 -0.506976880712 0.439408132524
143824 -4.59384097686 0.374569787996 0.230743061263 -0.464540393363 0.579100081264 -0.507024886033 0.437916735376
143890 -4.5868036083 0.398937367951 0.230400230852 -0.463785447455 0.579093738553 -0.508227435241 0.43733096708
143956 -4.58002768953 0.426218569429 0.230607105336 -0.461268192132 0.580004349215 -0.509144119002 0.437720033644
144022 -4.57417892311 0.456176122742 0.230629253293 -0.459191709657 0.581170347204 -0.509968963803 0.437396405848
144088 -4.56872719926 0.489303208463 0.230824430586 -0.455608058645 0.58249927531 -0.511759644292 0.437284652878
144154 -4.56418182834 0.525467832105 0.231426354047 -0.451073458033 0.585010887756 -0.513288441803 0.43684066862
144220 -4.56107312364 0.563245552409 0.233022279136 -0.4468973719 0.587549698085 -0.512737793817 0.438369759519
144286 -4.55878148196 0.600405932624 0.235124498302 -0.443636802304 0.588803209326 -0.512271512011 0.440539452581
144352 -4.55750329215 0.636628071008 0.236288774249 -0.44279927572 0.592172935712 -0.51158604175 0.437652248041
144418 -4.55705824973 0.671754327925 0.23706024835 -0.443344559327 0.597645764769 -0.509778400647 0.431730084765
144484 -4.55636018627 0.70447131253 0.237980823057 -0.442642509373 0.602075473146 -0.509408916677 0.426702671808
144550 -4.55584780041 0.733871765702 0.23808487326 -0.442810715573 0.602223779984 -0.511073199234 0.424322252564
144616 -4.55504242455 0.760221238627 0.236794493737 -0.446200361126 0.599327778363 -0.512583887377 0.423047311832
144682 -4.5529457474 0.785089297073 0.234704042425 -0.451051148906 0.597936606267 -0.511226083184 0.42151215074
144748 -4.54809813763 0.809009223222 0.233059165913 -0.453312478304 0.597807383446 -0.508882721877 0.422104800757
144814 -4.54164178301 0.83067577133 0.230741525709 -0.454446791725 0.594729583413 -0.50904238263 0.425030033224
144880 -4.53400923288 0.84965788307 0.227466170017 -0.454041624691 0.59148971265 -0.511426996674 0.427116553122
144946 -4.52552702925 0.866522612604 0.223216151758 -0.452898395346 0.589896149465 -0.514585777266 0.426739958141
145012 -4.51650599412 0.882672921157 0.218158949233 -0.451630629141 0.589746443874 -0.516825785519 0.425581914202
145078 -4.50590679543 0.898624244597 0.213590754288 -0.448872169026 0.589629248258 -0.518568869379 0.426541229209
145144 -4.49367598235 0.915093457229 0.209923814324 -0.444653190526 0.591551981494 -0.518602475624 0.428253484927
145210 -4.47898668401 0.932666135362 0.207358721178 -0.439457425558 0.59604019742 -0.518213714851 0.427864230711
145276 -4.46135243327 0.951317076003 0.205457029957 -0.434233629477 0.600474194596 -0.519372613687 0.425586406481
145342 -4.44279604565 0.971273764765 0.204122445099 -0.432173771092 0.602703065408 -0.519046888518 0.424929574626
145408 -4.42383941901 0.992932975934 0.203924009133 -0.430291607953 0.604934558141 -0.517548507183 0.425495973329
145474 -4.40464308239 1.01475516449 0.204951850238 -0.42892957291 0.605939846362 -0.51788887018 0.425026377292
145540 -4.38617089935 1.03625181809 0.206964433898 -0.428636453568 0.605252850962 -0.519486268729 0.424351026483
145606 -4.37020827826 1.05767247452 0.208730099919 -0.430588633098 0.602821950634 -0.520821049562 0.424198634634
145672 -4.35629676396 1.07870520481 0.210837762323 -0.432637273852 0.599994066859 -0.521952248072 0.424732796831
145738 -4.34351402803 1.09882882857 0.213667948236 -0.433807016863 0.59995065263 -0.522406491208 0.423039118584
145804 -4.33171426653 1.11805725512 0.215819225211 -0.435704437745 0.600698863071 -0.523416445092 0.41875720974
145870 -4.31956732092 1.13729277362 0.217146279833 -0.43559748169 0.600483905083 -0.526860506819 0.414839631708
145936 -4.30790943756 1.15789426226 0.21812332784 -0.434059423879 0.600058526261 -0.529586514642 0.413594248473
146002 -4.29614776932 1.18022688188 0.218595225486 -0.430545094683 0.600803612664 -0.532035088797 0.413043018802
146068 -4.2846979435 1.20521548545 0.217529375685 -0.426932019295 0.601796378181 -0.535086465502 0.411403109085
146134 -4.27381225629 1.23392065216 0.216368103252 -0.42266791482 0.605500820857 -0.535883079626 0.40932830822
146200 -4.26378323895 1.26620400766 0.215453682492 -0.418241584466 0.610235921564 -0.535301744064 0.40760046597
146266 -4.25424127845 1.30116939882 0.214560999504 -0.415238933074 0.614710692345 -0.535345274884 0.403872012405
146332 -4.24581110438 1.33802694558 0.214270225535 -0.413346217963 0.618598470065 -0.535022735271 0.400289191918
146398 -4.23864936468 1.37508203367 0.214589402992 -0.409161162538 0.619981622946 -0.537899159869 0.398590349852
146464 -4.23286631336 1.41083058451 0.215534509226 -0.406019394573 0.621586754772 -0.540484072441 0.395796678891
146530 -4.22790047259 1.44455337929 0.217174699582 -0.405252299649 0.626144009391 -0.538950571309 0.391467156756
146596 -4.22191296377 1.47519910035 0.219191603575 -0.402668933341 0.630996297705 -0.537622326272 0.388153979761
146662 -4.21564052859 1.50157220895 0.21997233914 -0.401342529781 0.630443264423 -0.539549609047 0.387752025216
146728 -4.20994833243 1.52433104948 0.21937070304 -0.405003663967 0.627309642142 -0.539964472499 0.388449327412
146794 -4.2032595435 1.54446440279 0.218114018506 -0.409462629332 0.625540942783 -0.53848401538 0.388682102151
146860 -4.1945399175 1.56180031657 0.216294413828 -0.410722479606 0.624387204541 -0.538559315467 0.389103491728
146926 -4.18404657261 1.57592687313 0.21422502532 -0.410827556937 0.623696219737 -0.539548320819 0.388730428039
146992 -4.17178212749 1.58720680872 0.212586796273 -0.411137109143 0.623801783448 -0.540166528857 0.387372845669
147058 -4.15769010392 1.59671192943 0.211057305195 -0.409923437215 0.623877051887 -0.541787995232 0.386271852889
147124 -4.14265467055 1.60522130603 0.209267492998 -0.408776571995 0.623483422514 -0.543068977603 0.38632395842
147190 -4.12625313221 1.61308872888 0.207393127306 -0.406584648122 0.622360787449 -0.545214347735 0.387423914053
147256 -4.10842410131 1.62025857353 0.205833796473 -0.404106126185 0.621834121833 -0.547634902994 0.387448755996
147322 -4.08970072168 1.62688998001 0.205135391609 -0.401982717055 0.622982074799 -0.548304659252 0.386865868138
147388 -4.0704842328 1.633213773 0.204803710012 -0.399392887815 0.622966971812 -0.549827111706 0.387411321842
147454 -4.05058866556 1.63870802492 0.20477184548 -0.396242432347 0.620662325537 -0.553074125024 0.389716658007
147520 -4.03093952916 1.64401972347 0.205202252719 -0.394463566969 0.619575061481 -0.553761120275 0.392267586218
147586 -4.01194015201 1.64894716627 0.205736967843 -0.394555144567 0.620953654963 -0.55218938194 0.392211186895
147652 -3.9933061222 1.65296212134 0.206018798113 -0.396322461213 0.622241383181 -0.551233335742 0.389725472725
147718 -3.97506754348 1.65689307595 0.2061322477 -0.398194990512 0.621855976395 -0.55131717963 0.388310764814
147784 -3.95734226715 1.66131605772 0.206030114093 -0.398933712941 0.6215980865 -0.551556882935 0.387624396336
147850 -3.94090104683 1.66679993899 0.205334054875 -0.402097957115 0.623421611213 -0.5486332286 0.385570107805
147916 -3.92381607097 1.67287270724 0.204597278671 -0.405768063837 0.624282319253 -0.54647795516 0.383387040378
147982 -3.90588586566 1.67971223138 0.204529297744 -0.408321359133 0.624743145752 -0.545034036873 0.381978471306
148048 -3.88784081174 1.68691207632 0.204280627018 -0.409380833637 0.624428307104 -0.545320484288 0.380949044844
148114 -3.86976888475 1.69420851769 0.203491299307 -0.409220613659 0.623686667466 -0.54694839197 0.380001154349
148180 -3.85182021609 1.70253523037 0.202590900149 -0.407865127873 0.623654137473 -0.547497029297 0.380721101582
148246 -3.83293476362 1.71171339701 0.201937185824 -0.404533515105 0.624759931316 -0.548404619016 0.381156080518
148312 -3.81362990294 1.72193741115 0.201940683148 -0.401458783305 0.625561429977 -0.548637205714 0.382754351919
148378 -3.79437048399 1.73174554182 0.202019411146 -0.398163559861 0.62487367401 -0.551194180589 0.383645125889
148444 -3.7767369178 1.74059369482 0.20225241391 -0.39632687976 0.625712798514 -0.552252250337 0.382656309288
148510 -3.76124207297 1.74840093965 0.201603638378 -0.394880642657 0.629384130899 -0.550894688376 0.380078855169
148576 -3.74770556129 1.7546723756 0.199778227286 -0.393194855103 0.632182295789 -0.550118169238 0.378303207616
148642 -3.73711589035 1.7596444959 0.197725193091 -0.394601206966 0.634281062763 -0.54708366251 0.377725799358
148708 -3.7281209279 1.76241740963 0.196133349321 -0.396731364251 0.636138731597 -0.544520471755 0.376070708533
148774 -3.72002222217 1.76302078688 0.194968382636 -0.397850519785 0.63524187479 -0.545454653687 0.375049161088
148840 -3.71419053457 1.76286036401 0.193928650308 -0.400959513256 0.631988194451 -0.546684661351 0.375444099497
148906 -3.70988247552 1.76189378592 0.19352470706 -0.404810897767 0.631731955609 -0.545754926566 0.373087483248
148972 -3.70655659406 1.76115563334 0.193704027735 -0.406661912184 0.633389883567 -0.543997185251 0.370823952481
149038 -3.70435576087 1.76116220365 0.193152870723 -0.40651883177 0.632608734279 -0.544806020106 0.371126686148
149104 -3.70314286553 1.76267229067 0.192228035213 -0.407045381429 0.632515247805 -0.544095963752 0.371750021661
149170 -3.70168731552 1.76536263229 0.191276655645 -0.407341288959 0.633110620276 -0.542940332231 0.372101884489
149236 -3.7002692499 1.7688004553 0.190219008735 -0.407944149704 0.633256024393 -0.542143010282 0.372356423801
149302 -3.70047850992 1.77325150299 0.188530461393 -0.409631253073 0.634341337579 -0.540256959465 0.371396959721
149368 -3.70185490667 1.7783700943 0.186618962566 -0.410024141502 0.634926997985 -0.540194277494 0.370051411508
149434 -3.70477406929 1.78353771967 0.185443952662 -0.40975266254 0.634311421988 -0.541007534754 0.370219661801
149500 -3.71006497991 1.78794978583 0.185553217917 -0.409881950703 0.632578377012 -0.541123472902 0.372862937954
149566 -3.7169110953 1.79054156276 0.187017410319 -0.410328270022 0.629515030464 -0.541174512808 0.377453993298
149632 -3.72478432046 1.79127319834 0.188614459545 -0.41065031454 0.626503485544 -0.542082901654 0.380796237286
149698 -3.73348938884 1.79060120247 0.190187231271 -0.410030726556 0.624690873914 -0.542780387147 0.383439082219
149764 -3.74354838369 1.78805229384 0.191848013165 -0.408517479733 0.62339524686 -0.543576249894 0.386026720674
149830 -3.75547193345 1.78338825215 0.19340772028 -0.406751025825 0.621604924336 -0.545360049989 0.38825679248
149896 -3.76954245329 1.77710980772 0.195438123313 -0.405183549164 0.618945720991 -0.547338015389 0.391348291207
149962 -3.78537968077 1.76959626572 0.197164744533 -0.404818870124 0.615972687844 -0.549725406445 0.393066448209
150028 -3.80251934019 1.76174781485 0.197982588798 -0.405567740618 0.612941584597 -0.552315037888 0.393402423164
150094 -3.82058970993 1.75408629798 0.198410097662 -0.407918690514 0.611277576251 -0.552976372657 0.392631034929
