104356 -3.48129196302 0.986622631725 0.151577988389 -0.4449609893 0.569751996935 -0.545331578152 0.424270798284
104422 -3.48336096559 0.987172457292 0.150697326711 -0.442822508506 0.572416202843 -0.547021768058 0.420731508392
104488 -3.48603388008 0.987654422993 0.150195907933 -0.440219605762 0.574786561022 -0.548870145412 0.417814069163
104554 -3.48936709988 0.988034834583 0.150348243865 -0.437491246411 0.575997759246 -0.550781895225 0.416493990612
104620 -3.49378958677 0.988428948941 0.151163782397 -0.43564282529 0.576178889443 -0.552009547419 0.416555729395
104686 -3.49941203438 0.988903675838 0.152530112907 -0.434766403478 0.575580167056 -0.552631943477 0.417472829961
104752 -3.50561888737 0.9890757139 0.154243259017 -0.434448371239 0.573779596703 -0.553537353558 0.419079873697
104818 -3.51136942243 0.987985212675 0.155950857427 -0.434537389871 0.570638273945 -0.555185822171 0.421091249911
104884 -3.51658259172 0.985570525193 0.157392130519 -0.436141603006 0.566405731856 -0.555829742038 0.424285407602
104950 -3.52160544041 0.982910385741 0.158626233582 -0.439232128232 0.562178342067 -0.554527347857 0.428404096291
105016 -3.52599785028 0.980212288712 0.159626610551 -0.440767037246 0.560936532725 -0.553401526919 0.429908556013
105082 -3.52874596041 0.978146468788 0.16075060544 -0.438663736027 0.561141345592 -0.552692905166 0.432695022297
105148 -3.53159734532 0.976238138129 0.161504266149 -0.437309265572 0.561362778613 -0.551113757268 0.435782107977
105214 -3.53468800821 0.973647981579 0.161516637033 -0.438051666636 0.561598511939 -0.550175944273 0.435917732468
105280 -3.53715847832 0.971082290976 0.16133128642 -0.438959053143 0.561351329134 -0.550103540225 0.435414434734
105346 -3.53888098095 0.969083106984 0.161231444514 -0.439194870986 0.560822165067 -0.550637068306 0.435184075998
105412 -3.54045083284 0.967758525516 0.161351545194 -0.439169832207 0.560488645783 -0.551223496613 0.434896528727
105478 -3.54199781791 0.967156759181 0.161818789898 -0.438721654485 0.56014134162 -0.551880496164 0.434963103218
105544 -3.54353757138 0.967183310266 0.162448861725 -0.437674615191 0.559924511383 -0.553049615673 0.43481211862
105610 -3.54533251267 0.967932858211 0.162956329022 -0.436335436006 0.560115431005 -0.554250814987 0.434382464335
105676 -3.54757636658 0.969364824672 0.163235724316 -0.435228702804 0.560880303279 -0.554863294467 0.433723382788
105742 -3.55006654589 0.971557000893 0.163185527933 -0.434498630386 0.561852033552 -0.554863432011 0.433197181777
105808 -3.5525174505 0.97455198477 0.162936792424 -0.433559849288 0.562801469641 -0.554523954743 0.433339978481
105874 -3.55503958189 0.978249043128 0.162631143428 -0.432307860045 0.563630878704 -0.554261754058 0.433847949918
105940 -3.55811768016 0.982052156941 0.162521322232 -0.431780747068 0.563923119865 -0.553905666571 0.434447481156
106006 -3.56282978817 0.985596356168 0.162619750487 -0.433486168457 0.563427655417 -0.552337706025 0.435387183088
106072 -3.56867888205 0.988795970187 0.162904016935 -0.436537852591 0.561001667747 -0.550373485372 0.437950589918
106138 -3.57503189969 0.991474238317 0.163244611453 -0.440662638224 0.55763972644 -0.548148821559 0.440893493741
106204 -3.58138648699 0.993464697206 0.163616616013 -0.445355937468 0.554352454337 -0.545138640853 0.444043929034
106270 -3.58800336432 0.994528089178 0.164322249377 -0.449239137887 0.55198195408 -0.541553001725 0.447460015737
106336 -3.59500115026 0.993944900202 0.165033703234 -0.452246967508 0.550186311858 -0.539171113199 0.44951319105
106402 -3.60176130111 0.992034740057 0.16527341615 -0.454956133775 0.547343630871 -0.538194020729 0.451416639127
106468 -3.60812942282 0.98950260665 0.164877253577 -0.457527313741 0.544576121945 -0.53788039833 0.452537557833
106534 -3.61454968913 0.986980197111 0.163983547801 -0.46004003922 0.544070122413 -0.536736491985 0.451956584743
106600 -3.62108282585 0.984704344868 0.162964668979 -0.461100391363 0.545759557663 -0.535305192532 0.450534443915
106666 -3.62754047704 0.983138369354 0.162076663862 -0.460678273519 0.547146547934 -0.534064295558 0.45075657413
106732 -3.63335948497 0.982060392567 0.161231105092 -0.458749268542 0.548326908513 -0.534288892154 0.45102335708
106798 -3.63895121109 0.981296399346 0.160692580359 -0.457396758207 0.549901512212 -0.534491355142 0.450239392147
106864 -3.64484652925 0.980760651818 0.160516676429 -0.457096298034 0.550582298958 -0.53499990654 0.449107095524
106930 -3.65155373529 0.980707639816 0.160774853513 -0.456035452609 0.549941276752 -0.53733322492 0.4481844079
106996 -3.65989755238 0.981856470247 0.161485630347 -0.454478325742 0.54971358909 -0.539610882903 0.447308012918
107062 -3.66926777096 0.984369102146 0.162337875624 -0.452310671878 0.551376934894 -0.540942477406 0.445847175317
107128 -3.67929699298 0.987658440428 0.162838504538 -0.449794348457 0.554490084485 -0.541813883245 0.443467482049
107194 -3.69036131992 0.991348362029 0.162935456775 -0.448293591267 0.558068190788 -0.541574619964 0.44078293315
107260 -3.70145080072 0.995212208985 0.162175768658 -0.447467355773 0.560788467072 -0.541781694798 0.437906218154
107326 -3.71216225157 0.999566796255 0.160831907547 -0.446361119082 0.563599297049 -0.542184475869 0.434917801133
107392 -3.72269833709 1.00412758102 0.159230749292 -0.445677965889 0.565910077812 -0.542310963307 0.432453142086
107458 -3.73316094582 1.0082285095 0.157727324058 -0.444850395012 0.566977297757 -0.543549595349 0.430347164066
107524 -3.74434359517 1.01197287539 0.156476613172 -0.443649976495 0.567337123326 -0.545616578907 0.42849244679
107590 -3.7565262953 1.01528105283 0.15571554159 -0.442201952717 0.568794701976 -0.546611121408 0.426786014264
107656 -3.76856781652 1.01779912187 0.155833581148 -0.440189954959 0.570542618738 -0.545924579868 0.427411044616
107722 -3.77942576372 1.01908307778 0.156504235059 -0.438145142297 0.571014631159 -0.545117176342 0.429905071851
107788 -3.78952846943 1.01885548801 0.156579343932 -0.437793944311 0.571106997136 -0.54491086175 0.430401452294
107854 -3.79930464088 1.01727246775 0.1559019783 -0.439171755145 0.570719455766 -0.54547906994 0.428789015321
107920 -3.80937105723 1.01432965877 0.155409961461 -0.440852340763 0.569449022674 -0.545972133326 0.428125511796
107986 -3.8205021236 1.01007821378 0.155531447539 -0.442873555606 0.567465156874 -0.54538227158 0.429423352983
108052 -3.83288292942 1.00451470815 0.155786965061 -0.444362271928 0.565813167835 -0.544734405871 0.430885171575
108118 -3.84638540581 0.998017255072 0.155734524146 -0.445263167461 0.564631586664 -0.543747484619 0.432747650325
108184 -3.86097323359 0.991227980718 0.155124077533 -0.446211589809 0.563229190668 -0.541938353776 0.43585634812
108250 -3.87694955065 0.985161776107 0.15378864429 -0.447346801337 0.561901359017 -0.539220109504 0.439760588929
108316 -3.89332413457 0.979819930708 0.15242475243 -0.447315855026 0.562832292428 -0.537072245191 0.44122748386
108382 -3.90891744405 0.975147929333 0.15166546285 -0.446886590628 0.565961808185 -0.535361210746 0.439736220809
108448 -3.92235274814 0.971080051006 0.151813830064 -0.446443087788 0.567326622952 -0.534312262927 0.439703848226
108514 -3.93321138561 0.967699649935 0.152797241823 -0.446195740843 0.566840832456 -0.534039341997 0.440911340569
108580 -3.94227332036 0.96543074858 0.154094440379 -0.446024937352 0.56826551159 -0.533703087326 0.439655635897
108646 -3.95075697164 0.964297781158 0.155221000691 -0.446050753482 0.570292262948 -0.533995643321 0.436639489542
108712 -3.95878850574 0.964463249839 0.156350589332 -0.444439635631 0.570023367818 -0.536649177921 0.435378389316
108778 -3.96647510415 0.966465069608 0.157852389481 -0.441585890226 0.567985021385 -0.540160166223 0.43660260524
108844 -3.97485850061 0.970180196575 0.159563966263 -0.439317636555 0.568020958726 -0.541953127736 0.436622245242
108910 -3.98437026104 0.975612181968 0.161149374731 -0.438081809988 0.569465271371 -0.542509709956 0.435289383128
108976 -3.99471354854 0.98262737252 0.162229170738 -0.43681086053 0.570344775194 -0.543815337675 0.43378328983
109042 -4.00523698819 0.990797990041 0.162760842733 -0.434628204402 0.570468495141 -0.546288653176 0.432703904782
109108 -4.01555486469 0.999736567771 0.162790265298 -0.432013459452 0.570830936867 -0.548500901656 0.432045301224
109174 -4.02557969168 1.00886678131 0.162404835225 -0.43001949141 0.572934521854 -0.549070077681 0.430524296922
109240 -4.03557402856 1.01798935 0.161963145644 -0.428994668113 0.577079586752 -0.548038510516 0.427313136091
109306 -4.04499395621 1.02663375651 0.161662186994 -0.428044170512 0.579597871483 -0.547497963069 0.425547225627
109372 -4.05408067944 1.03420124287 0.161393824379 -0.426382392505 0.580473126234 -0.548972580502 0.424120355996
109438 -4.06374674492 1.04108810714 0.161301078664 -0.424817705186 0.581858751558 -0.550209772108 0.422184168791
109504 -4.07391645333 1.04745481934 0.161579961649 -0.42342903116 0.583811537976 -0.550685687229 0.420258460774
109570 -4.08416675368 1.05325826607 0.162172412793 -0.421106258176 0.585249022431 -0.551696256044 0.419266433352
109636 -4.09473193496 1.05858931049 0.162716366982 -0.418155258895 0.586921936764 -0.55294095374 0.418240393024
109702 -4.10590421966 1.06343750223 0.162927304703 -0.415442562909 0.589322052704 -0.554014810656 0.416142406901
109768 -4.11803352139 1.06782135853 0.162732635529 -0.413626867657 0.591772414705 -0.555102314196 0.413012818804
109834 -4.13069549834 1.07182289498 0.162365645305 -0.412620009194 0.592637307263 -0.556820727562 0.410458737769
109900 -4.14368487523 1.07550877787 0.162163655429 -0.411567266691 0.592715365906 -0.558605036567 0.408975907762
109966 -4.15678408849 1.07868094743 0.162390269967 -0.410914530966 0.59260053084 -0.559762365227 0.4082155601
110032 -4.16949126841 1.08107367736 0.163019474473 -0.410740102641 0.591885713063 -0.560548494278 0.408349425908
110098 -4.18195613709 1.08269595068 0.164176843384 -0.410642256831 0.591416932106 -0.560320251944 0.409438828783
110164 -4.19477189275 1.08340027759 0.165437899984 -0.411103799521 0.590439191546 -0.559956840372 0.410881411974
110230 -4.20850840805 1.08310750217 0.16648463504 -0.412462936847 0.588390989256 -0.560088263689 0.412276007509
110296 -4.22369467933 1.08202803282 0.16732519643 -0.414567617079 0.585774422511 -0.560007431468 0.413997098722
110362 -4.24016633535 1.08032233111 0.167976130013 -0.416774400908 0.582862709569 -0.559385769186 0.416722499351
110428 -4.25863311969 1.07812195468 0.168067758186 -0.420190347397 0.58120314868 -0.557155257931 0.418593948141
110494 -4.27855591073 1.07559532965 0.167544243983 -0.423947939117 0.580560201338 -0.554419108515 0.419329645555
110560 -4.29900804527 1.07289782605 0.166674062958 -0.427138707668 0.579808395058 -0.55243810241 0.419746223851
110626 -4.31928663027 1.07044285333 0.165777479385 -0.429866626548 0.578533687666 -0.551027959658 0.420572946419
110692 -4.33881951186 1.06832480696 0.165091577608 -0.431524441225 0.578817706219 -0.549879688678 0.419986929308
110758 -4.35738663882 1.06708210083 0.164849883738 -0.432744519268 0.580449492399 -0.547822366524 0.419167269382
110824 -4.37430373391 1.06654136338 0.164951111987 -0.432889398259 0.580985286154 -0.547354448592 0.418886575564
110890 -4.38935027482 1.06643813889 0.165319499236 -0.431537522831 0.581131282069 -0.54900171975 0.417922135214
110956 -4.40289153062 1.06697401182 0.166011514728 -0.429766256335 0.581989751299 -0.550617150441 0.416424802825
111022 -4.41534818473 1.06846245177 0.166884407449 -0.428505163135 0.582183512895 -0.551887228772 0.415771759911
111088 -4.42683329735 1.07116213417 0.1679913167 -0.427156510689 0.581911765128 -0.553264781488 0.415709131931
111154 -4.43782457678 1.07540654121 0.169185252349 -0.425500147093 0.582129225886 -0.554020717875 0.416096403895
111220 -4.44908143121 1.08089306658 0.169995887855 -0.424050653312 0.582878209016 -0.554268112782 0.416198145158
111286 -4.46099216894 1.08712785576 0.170143743371 -0.423301156774 0.583624179727 -0.554651208036 0.415404586661
111352 -4.47342463174 1.09396082151 0.169814743081 -0.422373601418 0.584056832851 -0.555507510788 0.414595650444
111418 -4.48642787322 1.1013370307 0.169174186275 -0.421010194018 0.58504609574 -0.556038745934 0.413874830187
111484 -4.50018337514 1.10907491583 0.168384345611 -0.41988112394 0.588131048624 -0.555077799545 0.411934714667
111550 -4.51440485683 1.11669219535 0.167462253044 -0.419438631137 0.591732769257 -0.553783010709 0.408959584247
111616 -4.52821489388 1.12371408344 0.166562461236 -0.417663069403 0.593382164582 -0.554517824798 0.407388143517
111682 -4.54210389181 1.13032181634 0.165643875813 -0.415604840162 0.593715751653 -0.555667837422 0.407440141879
111748 -4.55652790107 1.13641181163 0.164714271758 -0.415593971574 0.594788543318 -0.555068902666 0.406702279565
111814 -4.56999530269 1.14154680013 0.164042805181 -0.416098670526 0.594771375379 -0.555186782601 0.406049919186
111880 -4.58214198321 1.14614393515 0.16395689661 -0.41571465598 0.594020752678 -0.555853645356 0.406629309244
111946 -4.59350235581 1.15048572845 0.164337492815 -0.415214280617 0.593919681753 -0.555782508841 0.407384715615
112012 -4.60505972598 1.15464175656 0.164849957861 -0.416105868566 0.593680955925 -0.554410295779 0.408690611917
112078 -4.61741980033 1.15823095953 0.164964128151 -0.417884458021 0.592107038915 -0.553468560876 0.410431904155
112144 -4.63056973415 1.16096739785 0.164854160851 -0.419834250926 0.589648985393 -0.553174855485 0.412372127712
112210 -4.64421105837 1.1623294502 0.164989381429 -0.422168003829 0.58740903453 -0.552637543707 0.413904032333
112276 -4.65853791687 1.16233580297 0.165742478744 -0.425200607477 0.586250958078 -0.550250861364 0.415617789788
112342 -4.67314287552 1.16099956766 0.166851704468 -0.42734199022 0.586054808328 -0.547438791362 0.417407842641
112408 -4.68812118285 1.15869199807 0.167612495095 -0.428664404358 0.585069590813 -0.545772109993 0.419610738691
112474 -4.70402900135 1.15568272126 0.167134206931 -0.430132322583 0.583601912228 -0.545612453194 0.420359398551
112540 -4.7210310497 1.15239486885 0.165407954866 -0.431581115579 0.583594511956 -0.545794874646 0.418644408897
112606 -4.73872887589 1.14963463946 0.163329846727 -0.43232156923 0.584656133847 -0.545551091649 0.416712434609
112672 -4.75647818765 1.14776031346 0.161359725842 -0.43205159167 0.585495567446 -0.545772210673 0.415522618319
112738 -4.77401353018 1.14697644221 0.159317834224 -0.43226906592 0.585367308029 -0.546478143646 0.414548173684
112804 -4.79145547706 1.14764610563 0.157201625001 -0.433688854727 0.586499677261 -0.54645944772 0.41147791437
112870 -4.80800751558 1.14984093594 0.155426239742 -0.434758384334 0.58783654474 -0.546644286548 0.408183007858
112936 -4.8230325897 1.15344975731 0.154512224034 -0.435284609798 0.587906730741 -0.54732002609 0.406612550435
113002 -4.83616967968 1.15845580835 0.15485670164 -0.435628628625 0.58717664026 -0.547500374795 0.407056033157
113068 -4.8476972259 1.16518740934 0.156300724005 -0.435383427149 0.586486687548 -0.54688847319 0.409130309325
113134 -4.85787617065 1.17357311345 0.158288823398 -0.433435994044 0.585910140238 -0.547303652242 0.411462279696
113200 -4.86748067742 1.18333756196 0.16033301367 -0.430953720928 0.585402525576 -0.548755770691 0.412855758833
113266 -4.87702922697 1.19461492106 0.162208775286 -0.429488070383 0.585948370501 -0.549385050623 0.412771794792
113332 -4.88660001039 1.20743813706 0.16347182927 -0.428633837725 0.58724942666 -0.550137457125 0.410803904116
113398 -4.89622185168 1.22139800964 0.164061811812 -0.426370699029 0.588722734381 -0.552907135328 0.407317008329
113464 -4.90616785632 1.23662392745 0.16445994626 -0.422271012849 0.590670877645 -0.555671757134 0.404998588563
113530 -4.91668366154 1.25308066361 0.164988713103 -0.418044464389 0.593419521056 -0.55602963468 0.404874231314
113596 -4.92761701318 1.26921277346 0.165490410244 -0.41440758648 0.596333981053 -0.555708049238 0.404772304053
113662 -4.93922159654 1.28414902963 0.165800794523 -0.412528723271 0.598351498836 -0.555297184667 0.40427781232
113728 -4.95148654339 1.29731051519 0.166210567282 -0.412047153663 0.600089888249 -0.554499301635 0.403286228558
113794 -4.96392874573 1.30805384549 0.166523453329 -0.412939031446 0.600645667999 -0.553164238598 0.403380015055
113860 -4.976117967 1.31605861238 0.166165528835 -0.414701672949 0.600454271092 -0.551614931403 0.403977918003
113926 -4.98773205512 1.32170282307 0.165276042662 -0.417163447365 0.599771392905 -0.550130629019 0.404481351199
113992 -4.99852520362 1.3249491517 0.164086841666 -0.419710526047 0.598582476915 -0.55022322389 0.403480437368
114058 -5.00893118958 1.32621054291 0.163054722931 -0.422093769395 0.596873442533 -0.551226395479 0.402154635843
114124 -5.01954061874 1.32600504372 0.162248426259 -0.42494184856 0.594629660358 -0.552243244019 0.401082673306
114190 -5.03069022551 1.32522236408 0.161706585877 -0.427369447364 0.591962032423 -0.552798774201 0.401683734886
114256 -5.04234151188 1.32412056035 0.161094250382 -0.428835183973 0.589638877592 -0.553070257703 0.403162043048
114322 -5.05517187431 1.32287756607 0.160086870778 -0.430921324253 0.588616769192 -0.551819438235 0.404143998382
114388 -5.06954598055 1.32160612688 0.158488169365 -0.433960837177 0.588133718296 -0.54931811702 0.405001573508
114454 -5.08480254925 1.32029960887 0.156331715052 -0.436241203096 0.587527673266 -0.547311296075 0.406146690779
114520 -5.10097916924 1.3191226805 0.153713302713 -0.438127399682 0.587790638641 -0.544903886729 0.406972113298
114586 -5.11783085986 1.3178948365 0.150803397478 -0.440199342261 0.588764917025 -0.541959786597 0.407259037797
114652 -5.13465617387 1.31637458695 0.147830663153 -0.442256009558 0.588966466631 -0.53970067361 0.407739232041
114718 -5.15108505459 1.31460037056 0.145221844717 -0.443293493697 0.590487908445 -0.538011745663 0.406642633783
114784 -5.16646775693 1.3130092782 0.143415411161 -0.4427762442 0.59339446119 -0.536611589933 0.404821100828
114850 -5.18061575323 1.31191106415 0.142222919477 -0.441828877028 0.595786824123 -0.53613596895 0.402968393827
114916 -5.19327308888 1.31145910237 0.141519655527 -0.441182948507 0.596741145447 -0.537482025881 0.400462952963
114982 -5.20335798145 1.31191514626 0.141510935435 -0.439133795844 0.596440566647 -0.541413021026 0.397859265267
115048 -5.21112055823 1.31341311802 0.142402951913 -0.43641860488 0.596727689626 -0.544453368334 0.396264254145
115114 -5.21810755326 1.31595357612 0.143995149066 -0.43544254811 0.598446707414 -0.544125231632 0.395194909655
115180 -5.22434103371 1.31956783775 0.146174476973 -0.434590502635 0.600013364174 -0.542666160576 0.395763181709
115246 -5.22976789522 1.32400756882 0.148430528729 -0.431985588615 0.601162476082 -0.542684028497 0.396845223826
115312 -5.23533407864 1.32916169548 0.150087809088 -0.430839862208 0.602530959277 -0.541966084432 0.396996453824
115378 -5.24159221349 1.33476140761 0.150946454196 -0.431844838743 0.603708488013 -0.540557979374 0.396034295231
115444 -5.24776227387 1.33988623739 0.151368134194 -0.430949104035 0.603652720768 -0.541509499497 0.395795007034
115510 -5.25429089044 1.34425160534 0.151888997103 -0.430069216706 0.601845462596 -0.542511368315 0.398125511923
115576 -5.26145403961 1.34730381097 0.152682482276 -0.430812549496 0.600131229972 -0.542611737491 0.399769364698
115642 -5.26881612948 1.3490869474 0.154189525384 -0.432167303703 0.60000119572 -0.541775040643 0.399637062685
115708 -5.27604427495 1.34949630929 0.156313006075 -0.433420832175 0.598095558259 -0.5415788312 0.401398039383
115774 -5.28423369481 1.34808858862 0.158460456709 -0.435641670002 0.594220159222 -0.54144878324 0.404909520115
115840 -5.29346323062 1.34483130924 0.16038587705 -0.438681966178 0.589961516924 -0.540553366188 0.409030071513
115906 -5.30340355853 1.33988732239 0.162197248415 -0.442214272234 0.586748033038 -0.537923148882 0.413293664477
115972 -5.3135049224 1.33318054413 0.163462846148 -0.446724492737 0.583190639997 -0.534091417256 0.418416001734
116038 -5.32345806078 1.32424641772 0.163699231629 -0.452022056988 0.580074697436 -0.530201857304 0.42198956486
116104 -5.33367189876 1.31330822665 0.163072662717 -0.458452865542 0.578216159648 -0.524641776835 0.424543659144
116170 -5.34465749298 1.30069835042 0.161648556351 -0.466512185334 0.57437407764 -0.517148772566 0.430137125698
116236 -5.35501515953 1.2854723994 0.159324940896 -0.473057949071 0.569747062119 -0.512488700802 0.434694565147
116302 -5.36386744508 1.26802898216 0.156666462433 -0.477547940378 0.565131587542 -0.509781681694 0.438972294736
116368 -5.37212055653 1.2489425378 0.153908738124 -0.481984102512 0.562326838617 -0.506657386206 0.441336652932
116434 -5.37939404758 1.22889181265 0.151155352507 -0.486333073392 0.562474316689 -0.504214883191 0.439169615948
116500 -5.38496243566 1.20857308288 0.149040373669 -0.489034899855 0.563216228138 -0.503472602584 0.436059268373
116566 -5.38779598626 1.18838167516 0.147922282911 -0.488860725669 0.562844986091 -0.505406995304 0.434493290687
116632 -5.3879996993 1.16836779702 0.147591402929 -0.487371276088 0.563074526622 -0.508340568129 0.432442067557
116698 -5.38577268832 1.14913409311 0.148054086191 -0.485226129287 0.564067622616 -0.510060471838 0.431534003251
116764 -5.38178650708 1.13096734206 0.149140933103 -0.482257083985 0.565994187098 -0.511150202067 0.431049957476
116830 -5.3764804736 1.11375949325 0.150172287269 -0.478901301676 0.566345214849 -0.513521073628 0.431512164153
116896 -5.37037733125 1.09708961394 0.150997587685 -0.476616908534 0.565140412783 -0.515984079554 0.432681169042
116962 -5.36352121421 1.08107512536 0.151732609141 -0.475593460239 0.563175499361 -0.517291713126 0.434802778602
117028 -5.35634333961 1.06575417455 0.152311514878 -0.475271545109 0.560299429685 -0.518300545347 0.437659651128
117094 -5.34915909824 1.05084919548 0.152942567653 -0.475224511955 0.556835704798 -0.519530761797 0.44066232764
117160 -5.34213668409 1.03616761826 0.153788101088 -0.476690795926 0.551979532495 -0.52035174447 0.444205518664
117226 -5.33546350948 1.02157013635 0.154607133552 -0.480611033559 0.546858669634 -0.51924175678 0.447600615995
117292 -5.32835072629 1.00663250388 0.155349477657 -0.48416418963 0.543557222957 -0.517867617426 0.449381441816
117358 -5.32080566705 0.991404861648 0.15589620223 -0.485994227485 0.542740174715 -0.517282542578 0.449067342796
117424 -5.31283275249 0.976472692337 0.156616815198 -0.486984109236 0.54201757916 -0.51638748707 0.449897034586
117490 -5.30460354437 0.962370906057 0.157920816336 -0.487413609596 0.541546663917 -0.514493206419 0.45216360372
117556 -5.29599803167 0.949140188364 0.160213484594 -0.487021432652 0.542605983278 -0.51195554272 0.454191958175
117622 -5.28663282258 0.936207972321 0.163000232327 -0.48785991284 0.542792704903 -0.509703090338 0.455600167381
117688 -5.27674558924 0.923339594521 0.165599882882 -0.490409309046 0.541569408248 -0.507888927878 0.456344225737
117754 -5.2669743968 0.910413431614 0.167696086032 -0.494297627416 0.538797387246 -0.506345605307 0.457144607602
117820 -5.2571358443 0.897616428926 0.169466743485 -0.497862463158 0.535751849065 -0.504707691456 0.458664441817
117886 -5.24660987147 0.884455754423 0.170966711127 -0.499572001857 0.533657049053 -0.503288014912 0.460802631647
117952 -5.23616229593 0.870337539121 0.172057508273 -0.50115555844 0.53230850525 -0.500272832001 0.463915642724
118018 -5.2266893425 0.854823830687 0.172429145335 -0.503598024887 0.531521521392 -0.49557238315 0.467206342823
118084 -5.21790249659 0.837603991788 0.17200867723 -0.506731605028 0.528199602723 -0.492247449219 0.471084143733
118150 -5.20938247929 0.819157401738 0.171318124048 -0.510672461307 0.521869985382 -0.490458765274 0.475726344852
118216 -5.2008464994 0.800046849453 0.17023951138 -0.514446962102 0.517792567083 -0.489740915323 0.476853140832
118282 -5.19279957171 0.780933150678 0.168705140535 -0.518033073793 0.517381874425 -0.488260363996 0.474931032497
118348 -5.18533514167 0.762233302358 0.166706267952 -0.520515346047 0.517292057066 -0.486749384145 0.473864672589
118414 -5.17754774862 0.744204680235 0.164626974993 -0.52018369835 0.517932108477 -0.486663919849 0.473617412152
118480 -5.16968581641 0.726709161956 0.163114888791 -0.518914762944 0.519767850489 -0.48605527917 0.473623390456
118546 -5.16112967395 0.708841090054 0.161647928812 -0.518028659137 0.520516811093 -0.486062433196 0.473763513308
118612 -5.15266530474 0.690424171542 0.159794624308 -0.518661066069 0.519242181151 -0.486463189061 0.474058851683
118678 -5.14489556824 0.671829594316 0.157545388593 -0.520525105363 0.516898196318 -0.487032646758 0.473992653562
118744 -5.13765048841 0.653820968812 0.155473337654 -0.522327078794 0.514674322459 -0.487513847542 0.473935622738
118810 -5.13082887739 0.636771273869 0.153913733118 -0.524900846499 0.513416758694 -0.487062361563 0.472919220571
118876 -5.12342182281 0.620933853684 0.15289758411 -0.525734028819 0.514375843273 -0.48753396869 0.470459095548
118942 -5.11590421379 0.606786866943 0.152896136266 -0.524067534071 0.518144765995 -0.487120644068 0.468607064039
119008 -5.10751928836 0.594262492871 0.153620505082 -0.519885737645 0.522883208792 -0.486232642279 0.468923900511
119074 -5.09837539946 0.582832569992 0.154310004529 -0.515236468563 0.526495458673 -0.485605875765 0.470659816585
119140 -5.08797958361 0.571501129156 0.154340661135 -0.511253784649 0.529786135165 -0.486188625478 0.470708868755
119206 -5.07624769307 0.559956266363 0.153747779025 -0.508746010723 0.533395584453 -0.486851153734 0.468660319303
119272 -5.06291732195 0.547843108921 0.152898678431 -0.507179566867 0.535757811273 -0.488167555713 0.466288366395
119338 -5.04737684673 0.535364409985 0.152348967626 -0.504886117956 0.536216016154 -0.490937917749 0.465341049583
119404 -5.03006010442 0.523227691578 0.152454045935 -0.502249657414 0.535506792064 -0.493715451409 0.466071625459
119470 -5.01212028502 0.511667483963 0.153099972139 -0.500964336489 0.534623969403 -0.495574697905 0.466495084327
119536 -4.99425405603 0.500713095139 0.154086353465 -0.501501704605 0.533654674881 -0.496656982285 0.465876095818
119602 -4.97613664499 0.490018233745 0.155382722508 -0.502596708191 0.530338616631 -0.4988760951 0.466111606061
119668 -4.95867065906 0.479534987238 0.156922104486 -0.504896159031 0.525809223256 -0.500131384281 0.467411001194
119734 -4.94220418792 0.469408090033 0.158636269252 -0.507310001293 0.524416250861 -0.499192576743 0.467365899798
119800 -4.92550166393 0.45940100688 0.160993520214 -0.508242863588 0.525430215973 -0.49785845438 0.466636088571
119866 -4.90829199119 0.449060930502 0.163563543701 -0.507839187793 0.525383188233 -0.49771140415 0.467284920333
119932 -4.89192082631 0.438630973696 0.165992443222 -0.507093726758 0.525119374218 -0.49679358965 0.469363084147
119998 -4.87652522052 0.428136413232 0.168150784743 -0.506071798428 0.526262321407 -0.495738032081 0.470301064504
120064 -4.86139207334 0.417396417448 0.16982651952 -0.504375016484 0.527340781999 -0.495135300962 0.471549083741
120130 -4.84663155987 0.406226433903 0.170729802059 -0.502609967455 0.528056999951 -0.494436384762 0.473362109638
120196 -4.83192338811 0.39456234629 0.170821128669 -0.50141153396 0.528876013622 -0.493135958802 0.475072124658
120262 -4.81690682935 0.382238031584 0.170256845857 -0.501034853896 0.530490583047 -0.491118779138 0.475758474111
120328 -4.8017945161 0.36914177394 0.169264871537 -0.502053653477 0.531721129287 -0.488051533892 0.476466592746
120394 -4.78652252318 0.354925067691 0.168193435943 -0.503718768863 0.530543857973 -0.485501305941 0.478621960502
120460 -4.77080227218 0.339510240058 0.167536920411 -0.504786935399 0.528111027363 -0.484081600216 0.48161592266
120526 -4.75464032503 0.322698391222 0.167653162487 -0.506492004795 0.525658089046 -0.482610476232 0.483979753653
120592 -4.73790347146 0.304034593112 0.168348857936 -0.510221037997 0.521480036955 -0.481343954481 0.485840403628
120658 -4.72030048672 0.283938615748 0.169656910405 -0.513884704892 0.516693512389 -0.480219119752 0.488200541112
120724 -4.70238642038 0.262656481145 0.170953355144 -0.516812567374 0.512167582442 -0.479402266279 0.49067546608
120790 -4.68478919893 0.239952875066 0.171564734604 -0.520543111597 0.507849880704 -0.478536030904 0.492063649099
120856 -4.66764814047 0.216308008005 0.171326003172 -0.524875830421 0.503859454491 -0.477214666046 0.492845758662
120922 -4.65069651341 0.192889510275 0.170673338318 -0.528601551327 0.499300736663 -0.475635823449 0.495024842762
120988 -4.63456678736 0.1704471282 0.169737529621 -0.531758514319 0.495226268835 -0.474022906021 0.49727861167
121054 -4.6197807106 0.149305089299 0.16822495142 -0.53488906414 0.492347056609 -0.472991989724 0.497761529239
121120 -4.6063028014 0.129701610111 0.166259244818 -0.538198513381 0.489292278708 -0.472140003644 0.498015304133
121186 -4.59405796161 0.111914384549 0.1641704896 -0.541059245328 0.486567353867 -0.471410165072 0.498276540934
121252 -4.58276812915 0.0963210656419 0.162601757795 -0.542232945279 0.485945378361 -0.470018104776 0.498922323975
121318 -4.57193952045 0.0828099187504 0.161879966545 -0.541787408263 0.488336599556 -0.467681109814 0.49926753969
121384 -4.56088065658 0.0704197408364 0.161861208185 -0.540492988189 0.492077939579 -0.465827890565 0.498729315054
121450 -4.54966477665 0.0584245149647 0.162130857797 -0.53896633862 0.494368265412 -0.465427128189 0.498490614088
121516 -4.53792935313 0.0471778710841 0.162647110737 -0.536278351665 0.495754949751 -0.466173941239 0.49931386605
121582 -4.5254815616 0.0366771174278 0.163194809186 -0.532975698014 0.497918279125 -0.467409102206 0.499542736938
121648 -4.51246291979 0.0264529913126 0.163420228266 -0.530561033372 0.500906976429 -0.468472829326 0.498126845451
121714 -4.49870106561 0.0162646470831 0.163317176996 -0.529145625295 0.502702757813 -0.469819477258 0.496552574285
121780 -4.48386950493 0.00637882142022 0.163154558343 -0.527478917694 0.503029183342 -0.471835369044 0.496083679045
121846 -4.46823886433 -0.00286649832888 0.162967800832 -0.525872893056 0.502237228997 -0.473585626267 0.496922626203
121912 -4.4516491591 -0.0112395831349 0.163150879755 -0.525809485002 0.501162041131 -0.473958618481 0.497719010393
121978 -4.43343807893 -0.0189834706235 0.164194843521 -0.526410883158 0.499485224909 -0.474209644474 0.498529117407
122044 -4.41452798212 -0.026351811202 0.16627864214 -0.526268354181 0.496017587119 -0.475602717956 0.50080935071
122110 -4.39643040061 -0.0334590349515 0.168681484416 -0.526467486285 0.489966659067 -0.477365419098 0.504863264199
122176 -4.37961741979 -0.0406206003349 0.170707637667 -0.527543419962 0.486010466655 -0.478219414318 0.506752327704
122242 -4.36412328277 -0.0480151400929 0.17190972803 -0.52923463664 0.48496810784 -0.478089971385 0.506109269252
122308 -4.34999520715 -0.0552658910411 0.172559964398 -0.530971725582 0.484452646389 -0.476521227635 0.506262936126
122374 -4.33657591344 -0.0625234849181 0.172853600941 -0.532081949815 0.485324793276 -0.474560782716 0.506103391469
122440 -4.32333395649 -0.070000026161 0.172882503584 -0.533496708448 0.487519528154 -0.472092537342 0.504811457803
122506 -4.30987501761 -0.0779548558309 0.172559388043 -0.534930844864 0.489161078372 -0.469910128849 0.503740878341
122572 -4.29631158648 -0.0864765256028 0.171958926067 -0.535326466749 0.488889875493 -0.468593381011 0.504809358305
122638 -4.28273477191 -0.0955073892959 0.171305932691 -0.535159685628 0.489081247711 -0.467067160829 0.506213290123
122704 -4.26854655081 -0.105510598262 0.170855187558 -0.535495028852 0.490189964118 -0.465470561754 0.506256854303
122770 -4.25420056409 -0.1167276182 0.170737976067 -0.537130919455 0.489732233674 -0.463353985679 0.506908077093
122836 -4.24040505589 -0.128773429584 0.170988336411 -0.538683236118 0.487255801153 -0.46125634166 0.509553373427
122902 -4.22672063576 -0.141372621427 0.17124608029 -0.53951370598 0.483997374604 -0.460761309042 0.512221088643
122968 -4.21332359851 -0.154476225988 0.171423563254 -0.541958768197 0.480823203872 -0.459482996827 0.513775279732
123034 -4.20007314951 -0.168371214758 0.171612466126 -0.545096094324 0.478738714109 -0.457762081388 0.513938991672
123100 -4.18758025588 -0.182799491816 0.171889970638 -0.548051329596 0.477033477306 -0.455478603013 0.514410384668
123166 -4.17571844779 -0.197368317741 0.172510883553 -0.549398163938 0.475425632903 -0.453448523081 0.516252369106
123232 -4.16420565823 -0.211827967885 0.173556962094 -0.549998128061 0.474437649953 -0.451835216031 0.5179342511
123298 -4.15319728341 -0.226549500384 0.174815267065 -0.551060847867 0.472860336057 -0.450378301658 0.519513609833
123364 -4.14256131586 -0.24211903303 0.175780345541 -0.552399208472 0.46980065257 -0.449791868562 0.521372848446
123430 -4.13252390394 -0.258477150577 0.176278736977 -0.55430571593 0.466812699415 -0.449171784718 0.52256653621
123496 -4.1226358085 -0.275287453254 0.176135389041 -0.556231939811 0.464669274439 -0.448645498478 0.52288208451
123562 -4.11282104434 -0.292485465922 0.175342450014 -0.557669611643 0.463107911662 -0.448283619578 0.523046314452
123628 -4.10345604996 -0.310106287564 0.174022836862 -0.559250920009 0.462416939062 -0.447358268941 0.522761467819
123694 -4.09415790449 -0.327890357261 0.172559404352 -0.560613599144 0.462396673022 -0.44615649683 0.522346690508
123760 -4.08491109555 -0.345386632566 0.171106013113 -0.561630071554 0.462680666367 -0.444367999624 0.522527840987
123826 -4.07535206615 -0.362233797587 0.16951624819 -0.561846391996 0.464130574663 -0.442337595676 0.522732090089
123892 -4.06460842595 -0.377960573441 0.168015003046 -0.559489155509 0.468287251035 -0.441543355694 0.522224313106
123958 -4.05291934323 -0.392591503502 0.166929095095 -0.55577976738 0.474278203411 -0.44058636067 0.521586547355
124024 -4.03961268759 -0.406621383051 0.165843522175 -0.552402889074 0.478286190321 -0.440381736052 0.521686864725
124090 -4.02470887225 -0.42016317949 0.164744510654 -0.550200521093 0.481324260968 -0.441128076829 0.520588476847
124156 -4.00894619725 -0.43312388381 0.163508705196 -0.549295296226 0.483414114098 -0.442679950475 0.518285500598
124222 -3.99224687788 -0.445428649656 0.162401317299 -0.548378250851 0.483573914073 -0.445776372798 0.51645031107
124288 -3.97403802484 -0.456863142372 0.161863812528 -0.546160461258 0.482046038962 -0.449157858382 0.517298272991
124354 -3.95486509917 -0.467945753516 0.161773002322 -0.54358633265 0.480794725079 -0.451641943171 0.519008512883
124420 -3.93523229105 -0.4793151324 0.162278067313 -0.542214694101 0.480326523679 -0.452950866193 0.519735672209
124486 -3.91527752848 -0.491501880721 0.163690711228 -0.541395947064 0.478040577232 -0.454884101844 0.521006599364
124552 -3.89557082966 -0.50444965874 0.165573161496 -0.540622741655 0.472662607526 -0.459608490902 0.522567671938
124618 -3.87680090786 -0.517336724498 0.167602793458 -0.539849921753 0.470710268142 -0.464185399032 0.521081308999
124684 -3.8586592482 -0.529466135273 0.169531179433 -0.538430415783 0.471501898236 -0.467520474301 0.518847932773
124750 -3.84125502273 -0.54044750509 0.171221242299 -0.536248510132 0.472176004691 -0.46963733304 0.518582810543
124816 -3.8245974299 -0.550515250262 0.172738047244 -0.534479379284 0.474389612854 -0.470376802546 0.517717950695
124882 -3.80878413497 -0.56016263828 0.173929265086 -0.534296275415 0.477783202114 -0.470028411799 0.515096025611
124948 -3.79357749613 -0.569601384328 0.174873257873 -0.534510094768 0.480399454864 -0.469342879422 0.513061952692
125014 -3.77813147524 -0.578894046878 0.175741655978 -0.53351310123 0.48137969331 -0.469411831187 0.513117797493
125080 -3.76243974838 -0.588461126655 0.176873716217 -0.532024534875 0.482818112152 -0.468968652437 0.513716816836
125146 -3.74697013433 -0.598841954053 0.178318097166 -0.531611253016 0.484868968958 -0.466127179287 0.514797964843
125212 -3.73173400366 -0.61048094709 0.179355257806 -0.531954228581 0.485366032948 -0.463351064554 0.516478709453
125278 -3.71732613861 -0.623299935286 0.179786874046 -0.533246538981 0.483628167774 -0.460626367638 0.519206301167
125344 -3.70312728127 -0.637039973007 0.1796418803 -0.534858012192 0.480731229061 -0.458668409998 0.521965101279
125410 -3.68931473184 -0.651659445972 0.179175515248 -0.538196889673 0.478267208729 -0.455413672814 0.52364393591
125476 -3.67518219908 -0.667420672202 0.178749649325 -0.54276271398 0.47477198684 -0.452133653503 0.524952482875
125542 -3.66065933608 -0.683896818965 0.17905188618 -0.546800416194 0.470935148961 -0.448701648498 0.527158463708
125608 -3.64618075619 -0.700926497702 0.180050034096 -0.550080585014 0.467646988977 -0.445128364886 0.529696379693
125674 -3.63205400239 -0.718482439268 0.181322214966 -0.55209558367 0.464339652831 -0.442624331016 0.53259989624
125740 -3.61883505326 -0.736059179466 0.182899122998 -0.55414928877 0.460349817662 -0.439293865711 0.536672628967
125806 -3.60605078097 -0.753524901511 0.184683868448 -0.556234024814 0.456830533779 -0.43600095993 0.540196801567
125872 -3.59325407744 -0.771046738865 0.186198627832 -0.557720593543 0.4544657232 -0.434181964658 0.542120504353
125938 -3.58086961969 -0.788863863966 0.186954029272 -0.558754227619 0.452810529661 -0.433982980557 0.542600315262
126004 -3.56900350996 -0.807070362968 0.187306995891 -0.558839538513 0.452311524317 -0.434467056808 0.542541260015
126070 -3.55694637485 -0.825836442326 0.188260970423 -0.55655360289 0.452346345933 -0.435835522258 0.543763062344
126136 -3.54489956927 -0.845021642599 0.189543468804 -0.55342876772 0.453086753251 -0.437592891112 0.544923288602
126202 -3.53339693623 -0.864384344974 0.190176266049 -0.551360967651 0.454665407513 -0.439244501986 0.544375501969
126268 -3.52305787812 -0.883001055105 0.190411663296 -0.550388169566 0.457451999754 -0.439271312387 0.543002030439
126334 -3.51309085439 -0.900533715232 0.190162120179 -0.549146826083 0.459264509525 -0.439942198698 0.542185101952
126400 -3.5019657221 -0.916706461426 0.190007561374 -0.546134875566 0.461001243095 -0.442619746355 0.541573920801
126466 -3.48999967727 -0.931790318842 0.190407729635 -0.542835446123 0.466047131227 -0.444474043812 0.539047560261
126532 -3.47589181018 -0.946336502357 0.191020655735 -0.538851666831 0.471383869915 -0.446660838816 0.536591104923
126598 -3.45957647623 -0.96076212851 0.19176171626 -0.53358671199 0.47616694656 -0.450281650727 0.53459930058
126664 -3.44188082086 -0.975138421319 0.192540750299 -0.527971439181 0.481129943068 -0.454250230814 0.532368746488
126730 -3.42284611962 -0.98952839714 0.193216793566 -0.523038703278 0.484684442264 -0.45903523158 0.529903918149
126796 -3.40260265622 -1.00416889148 0.193770809148 -0.519207338789 0.486487714896 -0.465574537998 0.526301602206
126862 -3.38174277222 -1.01842581644 0.195195025343 -0.514834609647 0.487382378061 -0.472568223604 0.523529078594
126928 -3.36018960207 -1.03172499757 0.198276603372 -0.507770717152 0.487436784138 -0.479927933276 0.52368224521
126994 -3.33961616168 -1.04427779758 0.202545724352 -0.502625764959 0.488290407627 -0.484804789487 0.523358280741
127060 -3.31910281725 -1.05663191714 0.206792289451 -0.499133831438 0.492403303444 -0.489187402782 0.518748580751
127126 -3.2985121582 -1.06941457503 0.209344788171 -0.496220468914 0.494350931487 -0.494296503324 0.514833129046
127192 -3.27936559349 -1.08224069476 0.209985226204 -0.494432964757 0.49301986955 -0.498282264622 0.513986590274
127258 -3.2621138494 -1.09437586263 0.209826681617 -0.493813430244 0.493297178012 -0.498726911371 0.513884853153
127324 -3.24493790606 -1.10580370046 0.209777344261 -0.492005006148 0.496240582879 -0.497707432715 0.513773849546
127390 -3.22780093811 -1.11716634767 0.209852466571 -0.489807051094 0.498323184951 -0.496278782011 0.515238223121
127456 -3.21171052793 -1.12936530654 0.209324261561 -0.490064607953 0.498804312402 -0.494214478571 0.516510365739
127522 -3.19629859535 -1.14281483558 0.207808659048 -0.493005392128 0.498899361907 -0.492657354329 0.515105562651
127588 -3.18174258421 -1.15703600889 0.205760497032 -0.497742694509 0.496788957418 -0.490484457321 0.51466279042
127654 -3.16780274538 -1.17157113433 0.203681836147 -0.50204960209 0.49212492242 -0.488439734345 0.516899952142
127720 -3.154460658 -1.18644954278 0.202042491484 -0.506603939615 0.486792575244 -0.48504074491 0.520692724004
127786 -3.1406002806 -1.20289114827 0.201126818107 -0.512257109948 0.48147586486 -0.481875804084 0.523038213242
127852 -3.12649127202 -1.22102766479 0.20097164786 -0.518063420806 0.476686138414 -0.479195951451 0.52416757505
127918 -3.11305494404 -1.23992073835 0.201611620464 -0.522322397234 0.471441661783 -0.476416949572 0.527208426136
127984 -3.10037004733 -1.25876471586 0.20287633167 -0.524380799749 0.466268956617 -0.473463872408 0.532399878821
128050 -3.08847270706 -1.27721703862 0.20441839548 -0.525830283889 0.463358662648 -0.469675842728 0.536848083773
128116 -3.07651165806 -1.29537966065 0.205660765461 -0.52670264749 0.462762755 -0.466639510229 0.539149765998
128182 -3.0646738852 -1.31367724894 0.206103074763 -0.52752642566 0.462178835979 -0.464986809452 0.540272010779
128248 -3.05326574892 -1.33218414849 0.205775246015 -0.528312776255 0.460383924382 -0.465042717076 0.540987524143
128314 -3.04214755964 -1.35034388984 0.205062250782 -0.528931448028 0.458430879992 -0.465728543151 0.541451349621
128380 -3.03177714545 -1.36760577534 0.204291237267 -0.529324753097 0.458234283102 -0.465893899864 0.541091047439
128446 -3.02190135692 -1.38368320134 0.203654642797 -0.528800902704 0.459576722559 -0.466102411992 0.540284515874
128512 -3.01199582654 -1.39845330893 0.20326593138 -0.527076594378 0.461545094735 -0.466738079416 0.539742450613
128578 -3.00258542092 -1.41225530176 0.203085872887 -0.525745917322 0.465020970555 -0.466516202495 0.53824647189
128644 -2.99313961453 -1.42539004674 0.202967125906 -0.524747994987 0.469754215937 -0.466181256788 0.535392767844
128710 -2.98256037273 -1.43796362821 0.202606045078 -0.522647010516 0.472905672437 -0.467633205807 0.533403704714
128776 -2.97132513774 -1.44999917694 0.201884843276 -0.519891945169 0.475277389731 -0.470267296032 0.531669364666
128842 -2.96119511173 -1.46107656479 0.201155348719 -0.519752262088 0.478940383395 -0.470096700348 0.528661198107
128908 -2.95262044 -1.47059623484 0.200449888349 -0.520074917519 0.48220566977 -0.468543446085 0.526751170025
128974 -2.94555340824 -1.47821658886 0.199953531641 -0.518942644721 0.482004198697 -0.466892094485 0.529511198537
129040 -2.93996364936 -1.48508642145 0.19965478951 -0.519732352354 0.478656546581 -0.464388378495 0.53395657712
129106 -2.93519414425 -1.49194818719 0.199359417541 -0.522690493942 0.473252714503 -0.461682038281 0.538215330167
129172 -2.93068719477 -1.49823800835 0.199635204237 -0.524891083954 0.46693538358 -0.458089789621 0.544622813377
129238 -2.92753040024 -1.50454495526 0.200529392904 -0.528234299237 0.461956338929 -0.451390603355 0.551190440584
129304 -2.92513103361 -1.5123537045 0.201686858719 -0.533073583185 0.457489609777 -0.443940741591 0.556283884359
129370 -2.92262772254 -1.52249346924 0.202344952469 -0.537139313705 0.450428649751 -0.439579959267 0.561573546891
129436 -2.92073129016 -1.53501119953 0.20238122219 -0.541825911135 0.443310319173 -0.436655020604 0.565006681669
129502 -2.91933982286 -1.54939653532 0.202244395515 -0.546558484365 0.437268166959 -0.43317754943 0.567826853201
129568 -2.91832772954 -1.56508767794 0.20198030275 -0.550518602212 0.432055962897 -0.429522788721 0.570759875176
129634 -2.9179724763 -1.58108360175 0.20132584751 -0.554790829466 0.426579554821 -0.425586436402 0.573683544947
129700 -2.91810562509 -1.59685871828 0.200593338338 -0.559715086001 0.421171367326 -0.422368250977 0.575272772182
129766 -2.91882507837 -1.61116328068 0.200481442456 -0.562955063771 0.417062418527 -0.420530730768 0.576449714674
129832 -2.92095259163 -1.6238640717 0.200642703219 -0.56424122581 0.413311845334 -0.418162742291 0.579607607738
129898 -2.92459332417 -1.63564524172 0.19996467175 -0.565428833909 0.41126670265 -0.415761481199 0.581629000473
129964 -2.92872324617 -1.64687587524 0.198422763289 -0.567906281866 0.410893464647 -0.413475622345 0.581108270241
130030 -2.93281525658 -1.65722024963 0.196663714483 -0.570725142779 0.4105696509 -0.410795880864 0.580475768163
130096 -2.93697602411 -1.66646272331 0.195139927549 -0.572656377545 0.409954956757 -0.408195385087 0.580842557356
130162 -2.94115042146 -1.67474470471 0.193923346312 -0.573935584418 0.409181475252 -0.405808077413 0.581797416937
130228 -2.94563860476 -1.68229407675 0.192676616866 -0.576369151633 0.409042253856 -0.403352668479 0.581196709403
130294 -2.95016415706 -1.68906060313 0.191694964256 -0.578396800621 0.408807084798 -0.401657450364 0.580521476309
130360 -2.95472283878 -1.69478629723 0.191368231674 -0.578052671772 0.408911584211 -0.401236012751 0.581081824727
130426 -2.95972452175 -1.69915985168 0.1918092042 -0.576075965264 0.410038224622 -0.40063700723 0.582662054688
130492 -2.96487761687 -1.70220162984 0.192610618502 -0.573918990681 0.411937042651 -0.400569831765 0.583496917123
130558 -2.97028959354 -1.70403626214 0.193528125724 -0.572452942263 0.41347489028 -0.4008514389 0.583655941391
130624 -2.976612863 -1.70464610573 0.194254092013 -0.571428349661 0.413934557183 -0.400725476433 0.58442014724
130690 -2.98366948667 -1.70414480047 0.194588094648 -0.571024576465 0.414532259366 -0.400812287305 0.584331626187
130756 -2.99158910141 -1.70271169993 0.194542572573 -0.571420892733 0.415903085014 -0.400734522546 0.583021950214
130822 -3.00051409926 -1.70080123579 0.194298281198 -0.572053009733 0.417970718296 -0.40047606971 0.581097862779
130888 -3.01072663881 -1.69855098698 0.194008374979 -0.572204993655 0.419837056435 -0.399985249431 0.579939714139
130954 -3.02249269165 -1.69628725709 0.193570906582 -0.571838314366 0.4222424373 -0.399394034819 0.578961665522
131020 -3.03495126992 -1.694496344 0.192925600834 -0.571568689756 0.424658096422 -0.399051832305 0.577695740998
131086 -3.04770649514 -1.69332585175 0.192352031597 -0.572633484276 0.426158688808 -0.39813593853 0.57616610913
131152 -3.05990868525 -1.69228307082 0.192398029427 -0.573026430363 0.428348000388 -0.39844823897 0.573931742205
131218 -3.07134055825 -1.69125862382 0.193058046191 -0.57104257572 0.431232406307 -0.400474792554 0.572336316269
131284 -3.08352814268 -1.69122375333 0.19377140038 -0.569259973992 0.433847893189 -0.402197885487 0.570925479058
131350 -3.0969916775 -1.69284817867 0.193714863575 -0.569971934615 0.434168098451 -0.403488343386 0.569058180497
131416 -3.11077540595 -1.6960621482 0.192873928959 -0.572002247785 0.432905238744 -0.405692022671 0.566410067363
131482 -3.12426660466 -1.70008538423 0.191890405621 -0.572708859295 0.430579797589 -0.408453985151 0.565482880815
131548 -3.13761699739 -1.70494340612 0.191348649339 -0.571999930601 0.428499172985 -0.410244790412 0.566483662077
131614 -3.15240258673 -1.71148867898 0.191067963839 -0.572507222218 0.427267106564 -0.409400145323 0.567511915455
131680 -3.16823664231 -1.71932995557 0.191034115437 -0.572614150203 0.425441471161 -0.408219769791 0.569621987949
131746 -3.18482121299 -1.72815708089 0.191225378665 -0.572812199225 0.423873413349 -0.406656806517 0.571705965749
131812 -3.20185695024 -1.73798561155 0.191142073148 -0.574056710155 0.423368137468 -0.404680243176 0.572234392947
131878 -3.21950540628 -1.74891302392 0.190584292597 -0.575375229484 0.423053267068 -0.403106728873 0.572253641739
131944 -3.2376882976 -1.76063988175 0.189685127004 -0.576028033004 0.422754432936 -0.402179342029 0.572470233037
132010 -3.25535309052 -1.7720669169 0.188518496817 -0.575907169813 0.423517429503 -0.401441706768 0.572545609303
132076 -3.27251028493 -1.78275937801 0.186714729231 -0.576479884653 0.425123939598 -0.3997690696 0.571948627705
132142 -3.28922801027 -1.79280800984 0.18408435459 -0.577675969051 0.425986432687 -0.398472935188 0.571003805047
132208 -3.30558528906 -1.80230216782 0.181011902488 -0.57889623721 0.425979955611 -0.398279885208 0.56990642838
132274 -3.32151497671 -1.81125573832 0.178040876427 -0.580180939107 0.427542673342 -0.398590439738 0.567206231561
132340 -3.3371042746 -1.8193104703 0.175866558363 -0.581488187838 0.430142596504 -0.397562504794 0.564617471266
132406 -3.35269341118 -1.82642584678 0.174499851958 -0.582897499917 0.430225428473 -0.395739368038 0.564381891473
132472 -3.36777145732 -1.83258892688 0.173858986665 -0.582971012689 0.429549720087 -0.396422589188 0.564341170704
132538 -3.38282906035 -1.83739552905 0.174239555961 -0.582429055289 0.430578733435 -0.397017926021 0.56369770847
132604 -3.39792627682 -1.84111622507 0.175495133556 -0.582177025373 0.431782615512 -0.396762248863 0.563217005347
132670 -3.41265718077 -1.84407734189 0.177153643843 -0.580722869762 0.431954676543 -0.398341245041 0.56347170155
132736 -3.42739955301 -1.8463853182 0.179105952595 -0.578380107496 0.430546319252 -0.400723930267 0.565266776163
132802 -3.44158908427 -1.84801261097 0.181427622701 -0.57595433226 0.429414927735 -0.403200619895 0.566840938722
132868 -3.45479565365 -1.84873838667 0.183894220025 -0.573117913921 0.430166285719 -0.40518233419 0.567732357676
132934 -3.46731913963 -1.84915949902 0.186064057816 -0.569539474233 0.432354716741 -0.407112184584 0.56829016529
133000 -3.48082852247 -1.85015129761 0.187337822091 -0.565890714703 0.434914183136 -0.408384773359 0.569068738562
133066 -3.49649019584 -1.85180260367 0.187019000975 -0.563462570486 0.436903340968 -0.408782734989 0.569668360716
133132 -3.51438993651 -1.85363208378 0.185194764955 -0.563014609454 0.4400725111 -0.408400174836 0.567943591538
133198 -3.53349836462 -1.85573300297 0.182546892507 -0.563807805171 0.444377651736 -0.408288623211 0.563870106355
133264 -3.55291023637 -1.85846624743 0.179913395291 -0.564227817808 0.449076143779 -0.409453086323 0.558860912401
133330 -3.57226841359 -1.86223658014 0.177790353932 -0.563448999082 0.452357710777 -0.412153803852 0.555001773784
133396 -3.59190206404 -1.86691626147 0.176495449923 -0.563133385322 0.455354607513 -0.414770283671 0.550906864098
133462 -3.61054605657 -1.87181004253 0.176456376909 -0.561891604649 0.459180533537 -0.417716318309 0.546757667327
133528 -3.62800711154 -1.87630846169 0.177813407424 -0.558559924591 0.463982915008 -0.420676336089 0.543839970418
133594 -3.6455363813 -1.88061494016 0.180090162787 -0.554821033383 0.468064689099 -0.42244537897 0.542797232071
133660 -3.66279539091 -1.88524643508 0.182648752774 -0.552090707083 0.46915868128 -0.424524504309 0.543014666629
133726 -3.67956116102 -1.89037244289 0.185082689082 -0.550570140016 0.467271655223 -0.427035152488 0.544215598541
133792 -3.69601965706 -1.89560141572 0.187389681439 -0.549040414852 0.465059118326 -0.428946016982 0.546150079542
133858 -3.71290074102 -1.90095265132 0.189385283746 -0.547518992269 0.464162778157 -0.429194602071 0.548240678621
133924 -3.73109361712 -1.90717010784 0.190286781129 -0.548028067032 0.462905146493 -0.42809220008 0.549655425409
133990 -3.75116364113 -1.91425196565 0.189909786356 -0.549810018129 0.460371012429 -0.42635143933 0.551354627315
134056 -3.77302510382 -1.92205855948 0.188640471675 -0.551941675785 0.457198680947 -0.424317688942 0.553429431749
134122 -3.79619385489 -1.9304600928 0.187000740386 -0.553891394946 0.454527397708 -0.421424095121 0.555887413539
134188 -3.81937542977 -1.93946493271 0.184840058807 -0.555731656912 0.451682775556 -0.418571750581 0.558518207007
134254 -3.84228333161 -1.94909377966 0.181956746725 -0.559495008082 0.449845065344 -0.415121541005 0.558819002185
134320 -3.86421267814 -1.95835146898 0.179214576027 -0.563868493279 0.449507970815 -0.410046651012 0.558441268582
134386 -3.88464130506 -1.96713871888 0.176892411631 -0.568636865634 0.450351967179 -0.405319135371 0.556373430377
134452 -3.90289391388 -1.974700521 0.1753643054 -0.571379845396 0.451826780911 -0.402844366763 0.554160658057
134518 -3.91911901208 -1.98136158569 0.174532877068 -0.572314817208 0.449199622772 -0.402425407085 0.55563399577
134584 -3.93380709583 -1.98767255404 0.174168154031 -0.574217160632 0.444588613571 -0.402671636254 0.557199294698
134650 -3.94745152098 -1.99279684169 0.174701546452 -0.576700210402 0.442428676594 -0.401275823059 0.557361146186
134716 -3.9598295208 -1.99642060103 0.176059851655 -0.577919085552 0.441112032446 -0.399301180995 0.558559044418
134782 -3.97096255701 -1.99919602272 0.177706966894 -0.578298487165 0.438350038243 -0.397967371644 0.561286031463
134848 -3.98060292037 -2.00135693125 0.179283039892 -0.577798201671 0.436124682693 -0.398062608585 0.563463083004
134914 -3.98940741584 -2.00311779194 0.180427628489 -0.578057494437 0.435520901803 -0.397822567205 0.563833554419
134980 -3.99752931901 -2.00479327704 0.181225034318 -0.578504974859 0.43535633443 -0.397879387037 0.563461488929
135046 -4.00498686369 -2.00608135819 0.181937698963 -0.576911653059 0.43442720142 -0.399621708455 0.564578033083
135112 -4.01306914559 -2.00728304552 0.182293327095 -0.574482861453 0.43435469114 -0.401547007539 0.565743250861
135178 -4.0223158282 -2.00861868933 0.182105332584 -0.572890442261 0.43578429503 -0.402775182642 0.565385450756
135244 -4.03209596572 -2.00955066604 0.181671318615 -0.570842612643 0.437964932142 -0.404260470369 0.564711268507
135310 -4.04316505413 -2.01023198919 0.180977042188 -0.569092628743 0.440279471521 -0.40545476858 0.563820891333
135376 -4.05707303742 -2.0110092281 0.179871811967 -0.568514314032 0.442519069945 -0.406106222583 0.562179730123
135442 -4.07377733863 -2.01160375202 0.178746620552 -0.567027237143 0.444203929138 -0.407346643537 0.561454946713
135508 -4.09297607301 -2.01179236274 0.177823067516 -0.564630844555 0.446072939832 -0.408892917292 0.561264186799
135574 -4.11399406181 -2.01209768129 0.17694024458 -0.563313073698 0.448964897462 -0.409784489721 0.559629761966
135640 -4.13629547331 -2.01319039033 0.175960222221 -0.564136989731 0.452425422979 -0.409567712385 0.556160932133
135706 -4.15863118393 -2.01488505676 0.175137095033 -0.564770768257 0.455829997972 -0.409724398711 0.552610899472
135772 -4.18067894996 -2.0170513771 0.174530258913 -0.563741445004 0.458391904535 -0.410968609439 0.550615285443
135838 -4.20230879301 -2.01980318877 0.174173894903 -0.561790155091 0.459609773553 -0.413482881949 0.549711332695
135904 -4.22374552199 -2.0226758404 0.174837917718 -0.560709891213 0.461401167635 -0.41575146583 0.547598377907
135970 -4.24433727602 -2.02520946295 0.177015172069 -0.559325321147 0.464382566306 -0.417599030793 0.545082623751
136036 -4.26363538922 -2.02752511421 0.180319309811 -0.555873822003 0.465471566438 -0.420138992326 0.54573212105
136102 -4.28181437723 -2.02999311234 0.18424886651 -0.551858658504 0.464747654427 -0.422819869285 0.548347446569
136168 -4.29956415673 -2.03284668045 0.188408650591 -0.549588051133 0.463538045743 -0.424415937531 0.550414870164
136234 -4.31695431168 -2.03582531533 0.192472035455 -0.547867093728 0.462329372671 -0.425763437088 0.552103840088
136300 -4.33484327544 -2.03931114938 0.195893810423 -0.547128051828 0.46051860349 -0.426664512754 0.553652331611
136366 -4.35397942104 -2.04381086118 0.19800405278 -0.54718034093 0.457737737549 -0.427872683291 0.554972729054
136432 -4.37481563017 -2.04920708727 0.199227101928 -0.547921955565 0.454492261009 -0.428453920104 0.556458001358
136498 -4.39718239629 -2.05555823742 0.199811830024 -0.549127718125 0.451790128446 -0.428219288787 0.557649205371
136564 -4.42040993981 -2.06279882005 0.200006348027 -0.55036102929 0.449628171556 -0.427881520237 0.558439457214
136630 -4.44368588022 -2.07052423152 0.200127944426 -0.551625499775 0.448316333637 -0.427049934821 0.558882927062
136696 -4.46698293742 -2.07912685267 0.199943455683 -0.554390502782 0.448099303272 -0.425218727188 0.5577159888
136762 -4.48950260088 -2.08800485496 0.199269882373 -0.557213816212 0.446861151443 -0.423570251983 0.557149970509
136828 -4.51128806537 -2.09631403408 0.198244414481 -0.557953343459 0.445287968431 -0.422622933757 0.558387441014
136894 -4.53285933726 -2.10439840414 0.197201691062 -0.558432982033 0.445848906914 -0.421465636807 0.558335050429
136960 -4.55329204395 -2.11233990236 0.19638497562 -0.558741333511 0.448717547902 -0.420809079714 0.556219743322
137026 -4.57339999713 -2.11994174187 0.195664630209 -0.559483187633 0.450785204182 -0.418738612725 0.555364027946
137092 -4.59353964247 -2.12725893445 0.194712504881 -0.561045723131 0.451629438745 -0.416974965509 0.554427977913
137158 -4.61381658547 -2.13419509205 0.193411068701 -0.563454726523 0.451874402423 -0.417043918149 0.551726933646
137224 -4.63396093324 -2.13962777915 0.192435209461 -0.564093527904 0.452181969992 -0.419429942465 0.549006742492
137290 -4.65337111457 -2.14315457009 0.192059141849 -0.56330816095 0.451704837398 -0.422151469801 0.54811932298
137356 -4.67206440725 -2.14520336302 0.192194368875 -0.562513217578 0.452231975167 -0.423262958977 0.547643653827
137422 -4.69003528431 -2.14594966784 0.192959308728 -0.561496423868 0.453653259685 -0.423417510329 0.547392074108
137488 -4.70741171036 -2.14525626956 0.195157555515 -0.559829325503 0.455268987468 -0.423734421007 0.547512902135
137554 -4.72411994975 -2.14340490978 0.198873432952 -0.555849956057 0.455824003287 -0.42660522546 0.548874371652
137620 -4.74187696395 -2.14054564683 0.203288936686 -0.550807307187 0.456699428074 -0.430218169359 0.550408275283
137686 -4.76046194742 -2.13679092162 0.207415057564 -0.545596037183 0.458948263374 -0.434038686726 0.550728247268
137752 -4.77966580827 -2.1325770001 0.209857300041 -0.541250635743 0.461826953513 -0.437419694465 0.549934119327
137818 -4.80069527051 -2.1283243497 0.210157523877 -0.540542439516 0.46537093467 -0.43831552195 0.546921520548
137884 -4.82224208086 -2.12456471217 0.209177919948 -0.541759576137 0.467695284405 -0.439604185367 0.542683814908
137950 -4.84363102093 -2.12132342971 0.208207536885 -0.543069981742 0.468352240539 -0.441779112279 0.539029117643
138016 -4.86365140342 -2.11829186374 0.208010292669 -0.543217342294 0.467540343097 -0.444138288727 0.537644963679
138082 -4.88282027878 -2.11577780845 0.20867500127 -0.542617480752 0.468621668828 -0.445295098721 0.536350866063
138148 -4.90113599582 -2.11461144193 0.209838470805 -0.5428130212 0.470335970592 -0.445684247952 0.534325396819
138214 -4.91838500225 -2.11522330173 0.211002013991 -0.54321912397 0.470109605213 -0.44719517468 0.532847422939
138280 -4.93482684537 -2.1166038384 0.212171650393 -0.541732532519 0.469101400428 -0.449801116876 0.53305599573
138346 -4.95094757875 -2.11832483138 0.213363550628 -0.539080631697 0.469134762098 -0.451686862881 0.534119439549
138412 -4.96643107972 -2.12092615333 0.214670009616 -0.53688694152 0.469774671001 -0.453536115638 0.534199534521
138478 -4.98216294491 -2.12448041275 0.216039320324 -0.536159138255 0.469249828547 -0.455053862969 0.534101066622
138544 -4.99884344713 -2.12870877288 0.217179187508 -0.535931010152 0.468075477441 -0.456724169245 0.533934737972
138610 -5.01651727461 -2.13314304772 0.217636096391 -0.53527224795 0.467168950336 -0.458701739001 0.533694207438
138676 -5.03490822433 -2.13744009999 0.217145700401 -0.5346503325 0.46707540616 -0.459534826798 0.533682795697
138742 -5.05434567823 -2.14162688177 0.21547048369 -0.536302369413 0.468570143874 -0.458539134693 0.531567067127
138808 -5.07468960215 -2.14534916857 0.2135229398 -0.538652859888 0.471878868231 -0.456233257146 0.528237192263
138874 -5.09513071404 -2.14849564729 0.211872226822 -0.539621558705 0.474150258224 -0.45404106748 0.527102230209
138940 -5.11624238818 -2.15105896322 0.210692922325 -0.54047432096 0.474708548822 -0.450339892557 0.528898178509
139006 -5.1377451254 -2.15314618834 0.209829868636 -0.54041554561 0.475463852802 -0.446806905334 0.531270770871
139072 -5.16020338682 -2.15498675632 0.20931002533 -0.541832102903 0.476693130893 -0.442700434661 0.53216341582
139138 -5.18197985918 -2.15670670774 0.208881270405 -0.542888272857 0.47673386199 -0.44028790374 0.533051303201
139204 -5.20288700269 -2.15861256957 0.208080323326 -0.543075275532 0.476247378169 -0.439365630866 0.534055722182
139270 -5.22356553241 -2.16128212232 0.206592751652 -0.545426314899 0.476823730296 -0.437518449396 0.532660184057
139336 -5.24314288769 -2.16424378414 0.204838571226 -0.549701134636 0.477696521474 -0.434793232881 0.529706899117
139402 -5.26082133439 -2.16658451566 0.203526424725 -0.55236637428 0.477190814744 -0.433816747233 0.528188733861
139468 -5.27722180508 -2.1678241198 0.203364295603 -0.552333442209 0.476592869494 -0.434578468476 0.528136872837
139534 -5.29368092496 -2.16834796039 0.204082641955 -0.552674557467 0.475654540989 -0.434584417061 0.528620821029
139600 -5.30996100599 -2.16819421101 0.205413422779 -0.551535551875 0.475194512953 -0.435058350496 0.529832937387
139666 -5.32482171627 -2.16737638691 0.207307022359 -0.547414374893 0.473581346101 -0.438360848809 0.532820500855
139732 -5.33928172581 -2.16650341625 0.209526118049 -0.543990432487 0.472496758446 -0.442031954409 0.534255489908
139798 -5.35401250867 -2.16574627314 0.211576108828 -0.541900112967 0.473244504715 -0.444462864849 0.533700880368
139864 -5.36932078904 -2.16492489813 0.212644319379 -0.538773594541 0.474234994912 -0.446663765305 0.534149336029
139930 -5.38551842147 -2.16440414897 0.212488745039 -0.53450846525 0.47655121335 -0.449125083888 0.534309180769
139996 -5.40313584722 -2.16452242321 0.21126101689 -0.533104209707 0.481421846941 -0.448993911323 0.531448023443
140062 -5.422423884 -2.16538988881 0.208948814189 -0.534955639905 0.487913515576 -0.44724352672 0.525105533602
140128 -5.44183644443 -2.16651213732 0.206203627906 -0.53517312899 0.492020240715 -0.448184884807 0.520226886007
140194 -5.46081140622 -2.16707673901 0.203766809994 -0.532315188274 0.495208364554 -0.450282831584 0.518318836096
140260 -5.47893874264 -2.16751599763 0.202011535863 -0.529857532809 0.499934184668 -0.450928972648 0.515732360389
140326 -5.49561581812 -2.16843303167 0.200983988442 -0.530016510314 0.504307957815 -0.451069586312 0.511167281391
140392 -5.51098026343 -2.16995228976 0.200782454847 -0.530380578289 0.50604713299 -0.453743605259 0.506684701657
140458 -5.52598150014 -2.17123571893 0.201895257045 -0.529187740031 0.505869644131 -0.456872504302 0.505295678843
140524 -5.54037872616 -2.17192732507 0.204290251383 -0.528107248391 0.504412007331 -0.457943323309 0.506911353636
140590 -5.55427981428 -2.17255347251 0.207051638772 -0.528563917685 0.501687336922 -0.458221825531 0.508883836942
140656 -5.56753245702 -2.17306174353 0.209637486206 -0.52892808375 0.498253062319 -0.458886044294 0.511275317265
140722 -5.58086601807 -2.17343694195 0.211558757093 -0.529307657378 0.495155518195 -0.459038474594 0.513749013774
140788 -5.59476841924 -2.17405121884 0.212625802828 -0.531263793278 0.492738579811 -0.457785606334 0.515169645837
140854 -5.60960342211 -2.17475160784 0.21295585191 -0.534335641654 0.490552330568 -0.455291362518 0.516288152775
140920 -5.62529424305 -2.17535074209 0.212429310648 -0.537168029783 0.488065265871 -0.452802227922 0.517892794329
140986 -5.64105264107 -2.17591616542 0.211071208569 -0.540887377221 0.487676157476 -0.449680307181 0.517107525971
141052 -5.6568209875 -2.1758677943 0.209772379216 -0.545278223435 0.490305823424 -0.444092793708 0.514833216854
141118 -5.67146982184 -2.17492622625 0.208242930431 -0.547842995569 0.490100524182 -0.44028764114 0.515573726467
141184 -5.68532606549 -2.17278937424 0.206637790906 -0.548740686975 0.487542778448 -0.438824637238 0.518284284003
141250 -5.69945372255 -2.16939580133 0.20517534974 -0.550339005859 0.487860166213 -0.437242314308 0.517627854188
141316 -5.7130884288 -2.16434969077 0.204182018803 -0.55193308476 0.489193408528 -0.436558881756 0.515243632947
141382 -5.72487967363 -2.1571693592 0.203971259097 -0.550594117859 0.488416368383 -0.438569255024 0.515705842968
141448 -5.73584054078 -2.14800098443 0.204342261301 -0.548644509568 0.486952890469 -0.440463783494 0.517549727982
141514 -5.74646734723 -2.13712526771 0.204933166259 -0.547985717212 0.486839409895 -0.441226553438 0.517704695592
141580 -5.75611619943 -2.12446507657 0.20567432712 -0.546641362297 0.487440259518 -0.442954470103 0.51708466603
141646 -5.76470227394 -2.11001218242 0.206946429901 -0.542389490672 0.489205250287 -0.445651344909 0.517577510949
141712 -5.7724478798 -2.09424904414 0.208729849613 -0.537458530284 0.493550687878 -0.447145081197 0.517307596692
141778 -5.77873423353 -2.07790304708 0.210077247593 -0.532514626005 0.499353363368 -0.449478730265 0.514823191081
141844 -5.78379179535 -2.06143145502 0.210527437277 -0.527177596307 0.504584123864 -0.454279825698 0.510987344331
141910 -5.78815234282 -2.04423656656 0.210465302404 -0.522844407087 0.508783147799 -0.45820481172 0.507761543453
141976 -5.79141103145 -2.02617045743 0.209851320885 -0.519287532274 0.512545470018 -0.461794837415 0.504363871271
142042 -5.7943204452 -2.00741660747 0.208628713514 -0.516780735876 0.515304027683 -0.465043261767 0.50113283091
142108 -5.79684512991 -1.98796102732 0.207023471985 -0.515110784581 0.517054827068 -0.467093884951 0.499137720554
142174 -5.79901093633 -1.9675377187 0.20527199895 -0.515406701571 0.517336854744 -0.466757078414 0.498854969389
142240 -5.80016687431 -1.94631946851 0.20379120108 -0.518946674858 0.515685623651 -0.46300680805 0.500387231964
142306 -5.79873635784 -1.92436284554 0.202892586747 -0.522291750221 0.514934235856 -0.457774412752 0.502490251696
142372 -5.79476708546 -1.90233604768 0.201788333351 -0.525031531055 0.51292113131 -0.453837720263 0.505257320459
142438 -5.78937341618 -1.88106650931 0.20054277919 -0.529371431905 0.507906511555 -0.4500919565 0.509130384186
142504 -5.78278783096 -1.86066690674 0.199565598088 -0.534198817454 0.502852416612 -0.446883390742 0.511923912132
142570 -5.77417311313 -1.84134758577 0.199430806344 -0.536772064719 0.499486438257 -0.445591617798 0.51365081396
142636 -5.76398211899 -1.8238728494 0.200116848821 -0.537655457896 0.49623734481 -0.445083903186 0.516309233708
142702 -5.75236611116 -1.80795707959 0.201305475808 -0.536258367446 0.491188684385 -0.446495340213 0.521346616214
142768 -5.73991777738 -1.7928878663 0.202825529288 -0.533806258361 0.48629356804 -0.448745218798 0.526495030362
142834 -5.72761185664 -1.77816909513 0.204684766331 -0.531308919701 0.485720440759 -0.448973097009 0.529348259628
142900 -5.71572864929 -1.76399229778 0.206330333763 -0.529463857277 0.488407032073 -0.447767883095 0.529745710438
142966 -5.70374584465 -1.75140236781 0.206885196549 -0.528300344641 0.490149120621 -0.448745847305 0.528469206699
143032 -5.69150980876 -1.73983233611 0.206518275065 -0.526446139462 0.488789217226 -0.452081489595 0.52873604059
143098 -5.67896809236 -1.728422742 0.205906323968 -0.524737821291 0.48769848247 -0.455038858443 0.528904558909
143164 -5.66662431668 -1.71692552324 0.205552215289 -0.5245702508 0.489830509571 -0.455500907049 0.526698132517
143230 -5.65463715496 -1.70524896763 0.20545514284 -0.524800455863 0.493417356734 -0.454928006889 0.523607011172
143296 -5.64299630438 -1.69338078968 0.205213582027 -0.523520887405 0.495192725025 -0.456252011575 0.522057537367
143362 -5.63211401869 -1.68161241313 0.204740639951 -0.522360356607 0.495283547354 -0.459740615219 0.520069531995
143428 -5.62206316959 -1.67042645282 0.204245410934 -0.523414868973 0.494881494482 -0.463509485785 0.516031044792
143494 -5.61312561545 -1.65892856081 0.2038896874 -0.526365458243 0.493668028706 -0.464936493972 0.512898901574
143560 -5.60418202262 -1.64611757808 0.203580932808 -0.526833256117 0.492424197726 -0.46655747392 0.512141829254
143626 -5.59541116321 -1.63238530232 0.202951732602 -0.526475005794 0.492105309497 -0.46837104853 0.511160414474
143692 -5.58709897444 -1.61774152503 0.202336205702 -0.527007829721 0.493198100015 -0.46882556414 0.509137445111
143758 -5.57860298127 -1.60201331697 0.202357428465 -0.526131904818 0.495370359475 -0.469729421478 0.507097276095
143824 -5.56990022184 -1.58469477112 0.203738353026 -0.522837315754 0.498734309952 -0.470933780867 0.506089282901
143890 -5.56123474109 -1.56609187533 0.20605869312 -0.517771508526 0.503715986531 -0.472548940459 0.504856780427
143956 -5.55259936944 -1.5465893494 0.208780821583 -0.511685969238 0.508698083183 -0.475349990883 0.503433852622
144022 -5.54393399754 -1.52612470102 0.211495847 -0.504623398076 0.51368529413 -0.479489926148 0.501569205072
144088 -5.53564133486 -1.50465307129 0.213554068095 -0.497716185263 0.519391859287 -0.483648888728 0.498592061561
144154 -5.52834118474 -1.48228803241 0.214303079962 -0.492473785242 0.525088677883 -0.487070117444 0.494483305487
144220 -5.52208411548 -1.45871482257 0.214295827862 -0.488175493263 0.530086369341 -0.48967370988 0.490828673437
144286 -5.51609346036 -1.43459940067 0.214454156759 -0.48372623958 0.534880972753 -0.49177260164 0.487924924713
144352 -5.51100050877 -1.4107789492 0.214329462164 -0.481216799655 0.537981932352 -0.493313587485 0.485435358299
144418 -5.50671565631 -1.38782605584 0.213154206907 -0.481654467097 0.53776656179 -0.495454802527 0.483053381685
144484 -5.5023704063 -1.36568946708 0.210834843032 -0.484419185611 0.535288077928 -0.497927027755 0.480492700762
144550 -5.49753749022 -1.34362380928 0.208096987319 -0.488513489551 0.53233098902 -0.498570080785 0.478963634528
144616 -5.49162638105 -1.32124175737 0.205620348865 -0.49221753935 0.530048207445 -0.496965617497 0.479370187443
144682 -5.48498079304 -1.29839068398 0.20375414121 -0.495715163727 0.527911698309 -0.492489119467 0.482731767842
144748 -5.47837815858 -1.27562745328 0.202072697823 -0.499675107032 0.526496307726 -0.486858480639 0.485896132559
144814 -5.47088369028 -1.25376671379 0.200227930565 -0.502274533439 0.52403031862 -0.483839048598 0.488888685997
144880 -5.4619223561 -1.23289074681 0.198437493636 -0.505629605804 0.519969677116 -0.481781839526 0.491789076452
144946 -5.45177148252 -1.21230975017 0.197319178204 -0.51052969195 0.516798137623 -0.477628706687 0.494115065364
145012 -5.43932280465 -1.19091877756 0.197331960464 -0.51110296381 0.513929438502 -0.475275858671 0.498761411711
145078 -5.42554819697 -1.16912674524 0.19803614716 -0.508605703133 0.510239160618 -0.47572644833 0.504638922824
145144 -5.41288210609 -1.1475808768 0.198858639124 -0.509961060048 0.508202758618 -0.473357205302 0.507545532865
145210 -5.40157386945 -1.1262438095 0.198972995834 -0.514066728218 0.506880665361 -0.468711473287 0.50903530804
145276 -5.39028147117 -1.10464104522 0.198474763724 -0.515400683278 0.501832474018 -0.466422955547 0.514757745484
145342 -5.37943711383 -1.08389683639 0.197592836609 -0.516061761707 0.497738016815 -0.465985510153 0.518453998904
145408 -5.36986502335 -1.06487252328 0.196454634953 -0.522052081361 0.496157771934 -0.463674756526 0.516037284037
145474 -5.35999373795 -1.04685294119 0.195276931781 -0.529712429545 0.493323574269 -0.461070173532 0.513274313096
145540 -5.34964502552 -1.02841039312 0.194323330168 -0.534571352975 0.489864547359 -0.45874146095 0.513636511382
145606 -5.33925313946 -1.00951573636 0.193241831793 -0.5370414657 0.488716136624 -0.456492589238 0.514157033708
145672 -5.32841379845 -0.99045699117 0.192210891464 -0.538913343628 0.488698406798 -0.454542284593 0.513943161887
145738 -5.31602405446 -0.970848111492 0.191770958793 -0.539448770542 0.489131494855 -0.454486809083 0.513017666827
145804 -5.30217787971 -0.950230618974 0.192309475547 -0.538076995775 0.491202094033 -0.456044815358 0.511093613706
145870 -5.28739060118 -0.928580815598 0.193970320894 -0.534639155056 0.494429713628 -0.458536523682 0.509356936354
145936 -5.27229146902 -0.905864854651 0.196960435436 -0.528269375198 0.499229186401 -0.462082010539 0.508115469178
146002 -5.256979957 -0.882102420338 0.200561891173 -0.520389321259 0.505000934214 -0.466298336593 0.506689688328
146068 -5.24197562948 -0.857868417629 0.203313285063 -0.514265152848 0.510127798755 -0.470803518204 0.503631563198
146134 -5.22798063498 -0.83388344301 0.204573193063 -0.510317953012 0.514237864391 -0.475476161861 0.499056093243
146200 -5.21522740063 -0.810508954978 0.204934357453 -0.508060552464 0.517494221242 -0.478950272977 0.494652243527
146266 -5.20333510453 -0.78805295747 0.205054039133 -0.50654006651 0.518962479492 -0.480620333219 0.493050886055
146332 -5.19240137672 -0.767087144195 0.204741586938 -0.506640976268 0.519265022941 -0.481316940768 0.491947907395
146398 -5.18152003159 -0.747758729187 0.203880758282 -0.507044846455 0.519597781573 -0.48269755965 0.489823144132
146464 -5.17024332023 -0.729830653429 0.202937507394 -0.507411391115 0.519799585594 -0.483770208704 0.488168458411
146530 -5.15794771355 -0.713272059154 0.202167289578 -0.507288112155 0.520196233463 -0.484311500501 0.487336660266
146596 -5.1443348007 -0.698042451902 0.201512057193 -0.506278295906 0.5215325244 -0.48398572758 0.487282154242
146662 -5.12991318815 -0.683867737484 0.200525272329 -0.504995205043 0.52350958076 -0.482949039048 0.487522066678
146728 -5.11439907177 -0.670963198459 0.199126715306 -0.504097185172 0.524565622583 -0.482361233829 0.487898118201
146794 -5.09744032981 -0.659448089188 0.197868908312 -0.50353139598 0.523734561253 -0.483467835271 0.488279706221
146860 -5.07945353755 -0.649139333903 0.197511394763 -0.502790508288 0.521330242416 -0.485491999009 0.489605966075
146926 -5.06106946407 -0.639510611526 0.198426739079 -0.501572403108 0.517634529341 -0.487387111072 0.492882589095
146992 -5.04253054863 -0.630544366372 0.200218095917 -0.499691225681 0.514432653772 -0.488853059929 0.496679305049
147058 -5.02508638832 -0.621999861 0.201757395772 -0.499044939161 0.512591580091 -0.488178848617 0.499885384396
147124 -5.00847619258 -0.613758440368 0.202540918743 -0.498458854873 0.512890448983 -0.48701240702 0.501299368688
147190 -4.99268107265 -0.605964243424 0.202332884981 -0.498783931545 0.513418100352 -0.485930667906 0.501485622777
147256 -4.97827581797 -0.598953895031 0.201104790656 -0.501496630746 0.513208688404 -0.484664410242 0.500218233457
147322 -4.9648788386 -0.592270959132 0.199786134995 -0.504997047559 0.513265422964 -0.483000654905 0.498243809045
147388 -4.95176182564 -0.5852868182 0.198695247815 -0.508095599815 0.512844266619 -0.481513657794 0.49696496843
147454 -4.93892460215 -0.577922271494 0.197695957918 -0.510449560697 0.512908207578 -0.480121634032 0.495832233619
147520 -4.92597238918 -0.570133637917 0.196732827741 -0.511070836461 0.513310357039 -0.47942169293 0.495453244841
147586 -4.91241498161 -0.561651627707 0.195554314911 -0.510408472769 0.514196396066 -0.479153027426 0.49547716111
147652 -4.89823397415 -0.552215916286 0.19406637166 -0.509416365458 0.516029448412 -0.479273193104 0.494475222576
147718 -4.8826979054 -0.541522305754 0.192605304948 -0.50734248988 0.518267148377 -0.480904758157 0.49267971563
147784 -4.8657000157 -0.529235130871 0.19165821424 -0.504932731819 0.520249890768 -0.482899861303 0.491111642831
147850 -4.84766588089 -0.515408309948 0.191506308083 -0.50308749196 0.522087007596 -0.484858494121 0.489122042656
147916 -4.82853798334 -0.499925953121 0.192588912653 -0.500509792192 0.523478286756 -0.487356071399 0.487795423034
147982 -4.80831795129 -0.48305242811 0.194849720015 -0.496090409236 0.523603929601 -0.49109408018 0.488425674902
148048 -4.78756945215 -0.465060936685 0.197960927415 -0.490303968331 0.523338509461 -0.495356918388 0.490245032497
148114 -4.76778661627 -0.446346828557 0.20131615769 -0.487217236408 0.525131617559 -0.496649924761 0.490096857665
148180 -4.74870048973 -0.427131079475 0.204162830915 -0.486355192544 0.527946997923 -0.495892347435 0.488693537736
148246 -4.72993624366 -0.407992179203 0.205750199473 -0.485515028467 0.52793220391 -0.496589201736 0.488837281283
148312 -4.71242723781 -0.38967733673 0.205847123196 -0.485293263142 0.527438170818 -0.497884626239 0.488272771272
148378 -4.69612011662 -0.372508756092 0.205164451359 -0.486179761597 0.528826838205 -0.497561152525 0.486214248287
148444 -4.68025533372 -0.356589036694 0.204295312434 -0.487141041108 0.529059414446 -0.496475909082 0.48610841435
148510 -4.6656221429 -0.341902802984 0.203030779535 -0.488624488454 0.52806867763 -0.495362228042 0.486832459907
148576 -4.65210402119 -0.328633428437 0.201477506218 -0.490970621842 0.528103657648 -0.494169444035 0.485644833146
148642 -4.63801727516 -0.31653207912 0.199950945124 -0.491911039715 0.528170893414 -0.493762991938 0.485033134153
148708 -4.62381060327 -0.305346577388 0.198126950133 -0.492731037434 0.528735372304 -0.493232647019 0.484124538974
148774 -4.6097387727 -0.295138603782 0.195543763855 -0.494520798457 0.528904058356 -0.492958234121 0.482391777046
148840 -4.59522833884 -0.285207433018 0.192468169824 -0.49611729803 0.528002463461 -0.493023459914 0.481673014762
148906 -4.58013479135 -0.274930468859 0.189119845034 -0.498082844397 0.527082401589 -0.492429502392 0.481259568598
148972 -4.56389711798 -0.264165311151 0.185968305222 -0.500233802634 0.526260830929 -0.491466803293 0.480911676895
149038 -4.54609921488 -0.253096534066 0.183735924989 -0.50172517807 0.524496295713 -0.490902311642 0.481861351712
149104 -4.52682122961 -0.242035991569 0.182965020192 -0.502341328744 0.521964746204 -0.490944628871 0.483920783344
149170 -4.50632863771 -0.230446927417 0.184257480623 -0.50198859422 0.520919303415 -0.490304323035 0.486057816948
149236 -4.48422061972 -0.218365459694 0.187281263877 -0.50117480421 0.519026253333 -0.489659519316 0.489559990348
149302 -4.46143511574 -0.206106440758 0.190659394329 -0.501169002199 0.515309485172 -0.489167290704 0.493964554275
149368 -4.43884548545 -0.193815256968 0.193493590437 -0.500651673574 0.511585182336 -0.489419403259 0.498093443662
149434 -4.41614471051 -0.1821111534 0.195587080948 -0.499230296204 0.510048591629 -0.491149518337 0.499391273598
149500 -4.39358266634 -0.171315893294 0.197047152521 -0.498414670315 0.508938030868 -0.493060429047 0.499456014539
149566 -4.37299939623 -0.161078984019 0.197316233689 -0.498976755502 0.507669566514 -0.493094577258 0.500151504116
149632 -4.35466789371 -0.15089482669 0.196441335188 -0.500815990645 0.508235659034 -0.49176906608 0.499042076082
149698 -4.337346144 -0.140293951496 0.194912301444 -0.5024998787 0.509959402484 -0.490633838268 0.496702810324
149764 -4.32028163985 -0.129141238307 0.192904475537 -0.502700156063 0.511134720251 -0.490347592685 0.495573490569
149830 -4.30405052176 -0.117331933366 0.190607545803 -0.502413406886 0.512043798849 -0.489895310995 0.495373092635
149896 -4.28815862029 -0.104711009932 0.188066032903 -0.502649957821 0.513465417268 -0.490104333412 0.493451087761
149962 -4.27204548677 -0.0904686535128 0.186004152877 -0.50295517418 0.515601327616 -0.490213772424 0.490797075949
150028 -4.25535281895 -0.0739629441356 0.185137694686 -0.50095533338 0.519034958434 -0.490431059171 0.489002795318
150094 -4.23820583305 -0.055486995951 0.185726347598 -0.496187579228 0.522671523229 -0.491687934908 0.488728028104
150160 -4.22100006275 -0.0355926405284 0.187894133847 -0.489999335195 0.525691000377 -0.493978504808 0.489422987219
150226 -4.203834453 -0.0148246501962 0.191410385557 -0.483995913072 0.527120178109 -0.497182851636 0.49061315174
150292 -4.1874063288 0.00650355830669 0.195516436999 -0.479317383012 0.528304166006 -0.500420031685 0.490641612842
150358 -4.17195039156 0.0280298469905 0.19967841756 -0.474600690458 0.531951486979 -0.503635050535 0.48798908426
150424 -4.15741463331 0.049422063002 0.203078046015 -0.47014619596 0.535242594942 -0.505793114987 0.486467955972
150490 -4.14370450348 0.0700335010918 0.204728434013 -0.467100069024 0.536862055004 -0.508179560143 0.48512904888
150556 -4.13138209923 0.0899283868846 0.204492073142 -0.466862793694 0.539014274556 -0.509375301581 0.481704699387
150622 -4.12024165868 0.109802011545 0.203067015353 -0.467493182889 0.541743848658 -0.508944292351 0.478476123874
150688 -4.10912339128 0.129530033484 0.200643824586 -0.466842313863 0.542638763323 -0.509687978933 0.477304503782
150754 -4.09906936532 0.148661823125 0.197458824999 -0.468666846483 0.541532021548 -0.508770856845 0.477751563449
150820 -4.08937139156 0.166565086552 0.19387421384 -0.473229803207 0.54053110595 -0.506626967644 0.476664234564
150886 -4.07804821802 0.183898391724 0.190670640296 -0.475975029448 0.540820625539 -0.504982400998 0.475345723452
150952 -4.06584084741 0.20142990142 0.187743542349 -0.47763736841 0.540715783704 -0.502273158856 0.476666129536
151018 -4.05314262521 0.219086703878 0.184790468615 -0.480082423578 0.540221192758 -0.498837091503 0.478375801517
151084 -4.03885269543 0.236793602865 0.181951839221 -0.482225121284 0.53953604784 -0.49686444292 0.479046440753
151150 -4.02274295133 0.254190906703 0.179221068297 -0.483000936445 0.538887779668 -0.497071787399 0.478779379767
151216 -4.00555350308 0.271301532901 0.176837526226 -0.482501495363 0.538044829562 -0.498174870448 0.479084378187
151282 -3.98723636944 0.288114554121 0.175187143415 -0.481349784529 0.536012782886 -0.499862288077 0.480760143998
151348 -3.96798831599 0.304894316315 0.174592025561 -0.479670877946 0.534655474489 -0.501644088632 0.482091857273
151414 -3.94909899867 0.322181167849 0.175170712428 -0.476739350709 0.536509234635 -0.502617673992 0.481926132366
151480 -3.93066417171 0.339825823752 0.176543749921 -0.474211383558 0.539368917128 -0.502113464079 0.481753883358
151546 -3.91245487831 0.357439609251 0.17794735016 -0.473783889114 0.538812702793 -0.501035145183 0.483914621965
151612 -3.89564319438 0.375150707135 0.179323911643 -0.474345377651 0.537816598715 -0.499220629114 0.486341984463
151678 -3.87941100681 0.392214068292 0.180755600621 -0.473607719661 0.540149506698 -0.498697118206 0.485010696845
151744 -3.86320321595 0.408092604585 0.182173008123 -0.472177298566 0.542140423621 -0.499147286372 0.483719258727
151810 -3.84743303881 0.422125758889 0.183330766015 -0.471157724378 0.543202944611 -0.500336031908 0.482291213791
151876 -3.83213130765 0.434725965379 0.184128519249 -0.471074657381 0.543925687503 -0.501741547692 0.480092600407
151942 -3.81695976631 0.447094672691 0.184529856491 -0.470783463359 0.544001984392 -0.50387322093 0.478054920246
152008 -3.80153722677 0.460164172122 0.184438427926 -0.470302492434 0.544259713702 -0.506286236268 0.475679646332
152074 -3.78560510692 0.474417285078 0.183791221382 -0.468959284787 0.545436630265 -0.508783848119 0.472985147012
152140 -3.77017706802 0.490095458604 0.182595881705 -0.468052293489 0.54785128297 -0.509600527561 0.470205619508
152206 -3.75477393767 0.507267379151 0.181249226262 -0.465965308117 0.5511484709 -0.510411224447 0.467538187201
152272 -3.73949051345 0.52622539223 0.180644289747 -0.462296705822 0.554569182265 -0.511717282332 0.465703793218
152338 -3.72415093676 0.546379826127 0.181286142279 -0.456851849879 0.557869212479 -0.514689834353 0.463856101395
152404 -3.7084877498 0.567406191592 0.182882677702 -0.451003286235 0.559563961756 -0.518899432103 0.462847068951
152470 -3.69373068793 0.58921905381 0.184556170681 -0.4482979254 0.561627055445 -0.521182949431 0.460404554601
152536 -3.67967615212 0.611101519259 0.185884462759 -0.44621541039 0.565817993685 -0.523751425598 0.454341139654
152602 -3.66558521342 0.633161715478 0.187021602951 -0.442121761816 0.567814634049 -0.527673802918 0.451303815843
152668 -3.65272419799 0.65544378077 0.187701710216 -0.439256084007 0.569046519029 -0.529454611465 0.450464132291
152734 -3.64093184816 0.677670749294 0.187835911227 -0.437636627573 0.571345139874 -0.529376818437 0.449220482723
152800 -3.62910445691 0.699414637724 0.187305689428 -0.435473699195 0.573078711139 -0.530244264723 0.448089798899
152866 -3.61678929281 0.719750751505 0.185813882306 -0.434937687586 0.573122820214 -0.531644314783 0.446893422364
152932 -3.6045693288 0.738104313048 0.183470891559 -0.437824098852 0.573151610438 -0.532079624256 0.443506988162
152998 -3.59106485958 0.754641845329 0.181104165155 -0.440599111688 0.572711883464 -0.532811252114 0.440438038398
153064 -3.57635124368 0.770399152405 0.179084618033 -0.442416027229 0.571492536631 -0.532274749002 0.440849054412
153130 -3.56047853044 0.785908323656 0.176796115306 -0.443739086999 0.570205712668 -0.531294173963 0.442365876423
153196 -3.54278147864 0.801364771808 0.174043645957 -0.443548629957 0.569427864159 -0.5310903759 0.443801225553
153262 -3.52349900606 0.816412594217 0.171124361342 -0.443023100564 0.569840175835 -0.530860541447 0.444071827654
153328 -3.50185791979 0.830484559043 0.168672496104 -0.442686414076 0.570642954408 -0.530973230967 0.443241221293
153394 -3.47812390492 0.843976229331 0.16723243094 -0.442745964126 0.5698708115 -0.531851028484 0.443122686681
153460 -3.45342833895 0.857780576413 0.166957939198 -0.442015148967 0.567348864141 -0.533620658176 0.444957152555
153526 -3.42899279305 0.872528805086 0.167800651925 -0.43960550679 0.565164288208 -0.535686085732 0.44763450104
153592 -3.40599148706 0.887870601014 0.169057014168 -0.437555667335 0.565265923617 -0.535423071283 0.44982392732
153658 -3.38483368559 0.903391230349 0.170272251353 -0.436031594601 0.565903502457 -0.533462613697 0.452821443814
153724 -3.36566872244 0.918251574765 0.170598488005 -0.435541313957 0.566303060921 -0.532357286993 0.454092830454
153790 -3.34881048745 0.931750698561 0.169653524012 -0.439309496667 0.567312323866 -0.530621655961 0.45122561048
153856 -3.33319011791 0.943774740588 0.168134624152 -0.444479557291 0.567078641502 -0.529522532294 0.447733723582
153922 -3.31890024742 0.955567184076 0.166768892443 -0.446759979379 0.567192706215 -0.528686529302 0.446305394444
153988 -3.30612930706 0.96694889349 0.165323831547 -0.445349658903 0.568475695686 -0.529519000985 0.445093979503
154054 -3.29555774022 0.97744941417 0.163622473547 -0.444938198018 0.570816028376 -0.529505761116 0.442518448286
154120 -3.28749249083 0.987633991003 0.1626221924 -0.445300747197 0.574751233264 -0.527785927237 0.439101673212
154186 -3.28086882903 0.998460303594 0.162958091092 -0.442958385924 0.57793029285 -0.527687827998 0.437412682004
154252 -3.27518969845 1.0103304279 0.164807864737 -0.436505873174 0.579862461387 -0.530861269584 0.437502151583
154318 -3.2713463464 1.02336627093 0.167660633697 -0.427323543357 0.583533616346 -0.535442911037 0.436100267725
154384 -3.26986128818 1.03805338467 0.170786006938 -0.417001313707 0.589502901985 -0.539436752695 0.433131858761
154450 -3.27119676939 1.05425967248 0.173492087389 -0.406418963725 0.596491387485 -0.542721875127 0.429505083602
154516 -3.27618153649 1.07162998158 0.175187712739 -0.397576662967 0.603207814571 -0.544859943989 0.425676081211
154582 -3.28485894829 1.08910134483 0.175959302547 -0.391688979955 0.607780599768 -0.547187791361 0.421625182716
154648 -3.29640978366 1.10577257595 0.176143566834 -0.38855550429 0.610611695134 -0.550009317366 0.416734420182
154714 -3.31001098255 1.12152887648 0.176332045198 -0.387805706524 0.613953093526 -0.550516777394 0.411824528851
154780 -3.32490543956 1.13607434408 0.176709400367 -0.389403717584 0.615296081498 -0.550411972157 0.408438658468
154846 -3.3396648542 1.14825198562 0.177527235524 -0.392922675859 0.612583069789 -0.551434988757 0.40776588874
154912 -3.35383383919 1.15802593967 0.178639006264 -0.397265869901 0.608166163599 -0.55283989933 0.408266659261
154978 -3.36784259242 1.16656984906 0.179652181669 -0.400312786643 0.604575401277 -0.553446119684 0.409799436997
155044 -3.38201097867 1.17391997261 0.18023019989 -0.401926879986 0.601488641491 -0.553461007336 0.412731117483
155110 -3.39644873255 1.17944265981 0.180300776888 -0.403255024548 0.598598055376 -0.553223560491 0.415944041181
155176 -3.412164663 1.1829021608 0.180109991426 -0.406155008238 0.596785708153 -0.551759122984 0.41766814654
155242 -3.42870045364 1.18410400262 0.179862670781 -0.409288166155 0.594641649343 -0.550581228268 0.419219203133
155308 -3.44684191453 1.18379320402 0.179292307926 -0.411509670366 0.591075957617 -0.550399365606 0.422314355001
155374 -3.46717874912 1.18230760229 0.178342291565 -0.413175266727 0.587262870323 -0.550339647348 0.426068796499
155440 -3.48920924037 1.17986623435 0.177153570149 -0.416165005428 0.584317203329 -0.548689691608 0.429324721481
155506 -3.51273395798 1.17704617025 0.175615666081 -0.420170761028 0.583751106155 -0.544877180395 0.431045058794
155572 -3.53654058717 1.17408176786 0.17349318231 -0.423445837274 0.584144659984 -0.541470098533 0.431600185208
155638 -3.56016285661 1.17106558791 0.171007756511 -0.425961783316 0.584606534547 -0.539295495526 0.431221610622
155704 -3.58299303468 1.16771069491 0.168682382176 -0.42879889601 0.58581776794 -0.537989649233 0.428387772923
155770 -3.60423431112 1.16448771336 0.167217084154 -0.430963184528 0.586518211506 -0.537785917341 0.425503734723
155836 -3.62425524398 1.16222695753 0.167120157485 -0.431672101694 0.587288361528 -0.538370794079 0.422975683699
155902 -3.64274671175 1.16135646844 0.168268171737 -0.430945043328 0.587638751465 -0.539532549239 0.421748361639
155968 -3.65998458202 1.16163834766 0.169860396439 -0.429736090811 0.586796683281 -0.541105577576 0.422138935907
156034 -3.67693661992 1.16313681422 0.171338126814 -0.428172103581 0.586310062788 -0.542326979141 0.422836347073
156100 -3.69398799417 1.1656919515 0.172527351016 -0.425851968046 0.587247870084 -0.543010976381 0.423000141753
156166 -3.71099721938 1.16912608615 0.173802624172 -0.423042218113 0.588305173116 -0.543500804349 0.423720557748
156232 -3.72712096227 1.17321115363 0.17498764656 -0.419930722243 0.588694765607 -0.545182582306 0.424113863388
156298 -3.74285066281 1.17838280266 0.175471260466 -0.417187673679 0.58946445119 -0.546419153972 0.42416056479
156364 -3.75965567095 1.18429158788 0.173999664499 -0.416681969889 0.590639927241 -0.547477001766 0.421650872162
156430 -3.77827920641 1.19105024559 0.171012142323 -0.417350410782 0.591214819657 -0.549163096022 0.417975556231
156496 -3.7981997518 1.19885465219 0.167862873116 -0.417076679138 0.590942574863 -0.55155600622 0.415475443372
156562 -3.81915895718 1.20731534051 0.165365131366 -0.416603663598 0.5919642337 -0.55244266373 0.413311957509
156628 -3.84084905563 1.21592316173 0.16410023075 -0.417146974398 0.594263462383 -0.551456502643 0.410773713439
156694 -3.86168983289 1.22392294019 0.164378842983 -0.41672784704 0.595315922152 -0.551270619428 0.409923839291
156760 -3.88250269333 1.23096467081 0.165490379842 -0.41695352572 0.595902382427 -0.550931752025 0.409297340105
156826 -3.9025255003 1.2368264061 0.167208609168 -0.416924932414 0.596242057061 -0.550873570416 0.408909898443
156892 -3.92097674627 1.24177084066 0.169587031687 -0.415348426976 0.595506205353 -0.552022227801 0.410035948852
156958 -3.93771410261 1.2456728919 0.172508097143 -0.414227602908 0.594276295025 -0.553351185333 0.411161316318
157024 -3.95249508845 1.2484989786 0.175959874933 -0.413966189155 0.592680700162 -0.554465810008 0.412224686058
157090 -3.96573661085 1.25026141472 0.179399324043 -0.413399698142 0.589754032903 -0.556073032199 0.414817614273
157156 -3.97840290923 1.25098403759 0.182225462243 -0.412494883641 0.587065597374 -0.557180625998 0.418033051699
157222 -3.99149346685 1.25053564127 0.184082519473 -0.412509510083 0.58591962213 -0.556672250456 0.42029760136
157288 -4.00548196545 1.24910476698 0.184905248171 -0.41376434024 0.584821811827 -0.555247766203 0.422471773488
157354 -4.02045820624 1.24663930729 0.184683268401 -0.415252920384 0.582834289301 -0.554450220432 0.424798860398
157420 -4.03686856113 1.24334618886 0.18357480727 -0.41730360416 0.580748103208 -0.553281156309 0.427164259564
157486 -4.05545150291 1.23952786998 0.181584307602 -0.420574967056 0.579666540313 -0.550546300679 0.428954578676
157552 -4.07615398118 1.23525256774 0.178870846225 -0.425109553996 0.57814384349 -0.547223353427 0.430787642894
157618 -4.0983243769 1.23022566668 0.175439988781 -0.430594888921 0.575845466167 -0.544187090535 0.432261789341
157684 -4.12172299063 1.22461015736 0.171552448733 -0.437126696508 0.574804980478 -0.540567027217 0.431632376667
157750 -4.14485841322 1.21877246701 0.168510408404 -0.441789159522 0.575285096345 -0.537638221716 0.42990061526
157816 -4.16620944391 1.21309109968 0.166846071593 -0.44395944398 0.574952467596 -0.53562582916 0.43062114009
157882 -4.18667165601 1.20819128077 0.166259368789 -0.446523163352 0.574288539964 -0.532526137219 0.432695698293
157948 -4.20589498294 1.20430088501 0.166634134563 -0.447935250586 0.575150421021 -0.530501676306 0.432578284611
158014 -4.22252640073 1.20175673386 0.168331164197 -0.447306072864 0.575056334219 -0.530152799282 0.433780448771
158080 -4.23751073397 1.19997790287 0.170702595164 -0.446835236341 0.574211745738 -0.530157489318 0.435375905558
158146 -4.2506856322 1.19853592171 0.173114390676 -0.446006725949 0.572758691852 -0.530967213091 0.437148996308
158212 -4.26235260642 1.19755679424 0.175101828162 -0.444401249108 0.571473524592 -0.532541331075 0.438549027588
158278 -4.2731730809 1.19717629633 0.176263120178 -0.442949382214 0.571680619727 -0.533804258604 0.438212405948
158344 -4.28360767177 1.19730259157 0.176556946734 -0.441584312454 0.572151510558 -0.535295449543 0.437155224021
158410 -4.29454595077 1.19802666057 0.176048724305 -0.440251747702 0.573041518686 -0.536850245658 0.435423506766
158476 -4.30649736947 1.19948329506 0.175084318388 -0.438413386092 0.574589013791 -0.538542077942 0.433143765638
158542 -4.31989304836 1.20203161638 0.174048496853 -0.435860578719 0.5762038774 -0.540171421961 0.431543086156
158608 -4.33539170386 1.20591541659 0.172954782149 -0.433448235913 0.57799485622 -0.541230249138 0.430249163929
158674 -4.35306534183 1.21103220072 0.171381851812 -0.431268421199 0.580090661738 -0.542432534953 0.428099556523
158740 -4.37285848529 1.21745765941 0.169295139852 -0.430131736654 0.582240671647 -0.543228363666 0.425306282943
158806 -4.3943240789 1.22540517991 0.167648142063 -0.430241933328 0.585814482933 -0.541341102216 0.422685380973
158872 -4.41575503981 1.23431481003 0.167150952296 -0.430335764464 0.590449679619 -0.537742774834 0.420728995247
158938 -4.43665041985 1.24321326137 0.166651768194 -0.431737801951 0.592935974754 -0.534418481723 0.420031240078
159004 -4.45683832545 1.2512520872 0.165887512471 -0.433372174955 0.593730419687 -0.533289477214 0.418658649954
159070 -4.47459710831 1.25828624171 0.166140761543 -0.432970246302 0.594796697138 -0.533303316588 0.417541887008
159136 -4.48936676389 1.26346659488 0.167534825741 -0.431856579724 0.596773612443 -0.533527828718 0.415582915814
159202 -4.50228057977 1.26627850065 0.168876123881 -0.431914724472 0.596272456136 -0.535381291815 0.413854615977
159268 -4.51400506281 1.26763060378 0.169764062657 -0.431797498314 0.593090506129 -0.539163964794 0.4136383535
159334 -4.52487861004 1.26847620441 0.170476071983 -0.431475564592 0.590027887387 -0.542444520998 0.414064972164
159400 -4.53554738418 1.2693475338 0.171103449181 -0.431390945801 0.588049292673 -0.543786445375 0.415206193468
159466 -4.54708833722 1.27017258222 0.171915770006 -0.431162214221 0.58781895035 -0.543301994366 0.416402402182
159532 -4.55972278749 1.27008396343 0.172660746997 -0.431866285051 0.586186995481 -0.543446068796 0.417782992601
159598 -4.57405954025 1.2688093466 0.172905999331 -0.433957701274 0.582843827304 -0.544285861072 0.419197605392
159664 -4.59066836806 1.26689094674 0.17260941662 -0.435714773602 0.580965967105 -0.54410359509 0.420217115243
159730 -4.60899467089 1.26475946369 0.172044173813 -0.436833616128 0.580243966244 -0.542465252817 0.422166769114
159796 -4.62909575955 1.26256728527 0.170883665119 -0.439091228944 0.58141470122 -0.53938578212 0.422159519446
159862 -4.65004473472 1.26032284668 0.168922525861 -0.441368576255 0.583868737983 -0.536241530399 0.420399860249
159928 -4.67050935445 1.25814677108 0.166504688078 -0.441270610235 0.585540704458 -0.534917404869 0.419863900182
159994 -4.68984230657 1.25595203302 0.163872966841 -0.44064059547 0.586117911355 -0.534408379981 0.420368089306
160060 -4.70789527656 1.2539867251 0.161247941141 -0.44143071159 0.587223866857 -0.533116501781 0.419635380524
160126 -4.72431879081 1.25234351552 0.159308091604 -0.44217636929 0.589690858042 -0.531815664961 0.417033276297
160192 -4.73851748717 1.25120101249 0.158181231211 -0.441762396897 0.592445623966 -0.53095260949 0.414660661561
160258 -4.75100291882 1.25080925877 0.157835443076 -0.442053461183 0.593469820848 -0.529590964131 0.414627198974
160324 -4.76236859287 1.25103345264 0.158017476698 -0.443422683626 0.593622306658 -0.528527229561 0.414304030461
160390 -4.77187548779 1.25213329695 0.158935197352 -0.444785519502 0.59348142591 -0.527696416139 0.414104010045
160456 -4.77981180837 1.25396634709 0.160303075684 -0.445495209981 0.59290070789 -0.527242398835 0.414750779159
160522 -4.7869287296 1.2562862502 0.161759986036 -0.445080112439 0.592119122119 -0.527504371728 0.415978087504
160588 -4.7931485298 1.25885637 0.163308846274 -0.443353877302 0.592133823612 -0.528225457529 0.416884535156
160654 -4.79823476531 1.26157689082 0.164775374636 -0.441374428804 0.592305362557 -0.52953772797 0.417076422729
160720 -4.80311301241 1.26459681092 0.166108813946 -0.440552592565 0.593055230636 -0.530072333785 0.416199744781
160786 -4.80751656913 1.26782092247 0.167734008039 -0.439443320859 0.593078154655 -0.530939444806 0.416234476111
160852 -4.81137041388 1.2712131715 0.169829585034 -0.43719945783 0.593250575951 -0.532188309134 0.416756485029
160918 -4.81533110594 1.27515395819 0.17207789751 -0.435447285719 0.594366589393 -0.531758907565 0.417548159971
160984 -4.81947976446 1.27912404242 0.17339740502 -0.434603777196 0.595248303645 -0.531570977459 0.4174102259
161050 -4.82412171211 1.28243919506 0.173234721191 -0.434750579455 0.594828701044 -0.53346895208 0.415429449178
161116 -4.82917717477 1.28526255408 0.172382959954 -0.435581666052 0.593694230024 -0.53552843009 0.413527562446
161182 -4.83427755095 1.28803547661 0.171704193729 -0.436442834212 0.593432822247 -0.535957720012 0.412437212438
161248 -4.83898381655 1.29067250869 0.171440868564 -0.436174652883 0.593944926961 -0.53650721444 0.411267662727
161314 -4.8432854367 1.29305137535 0.171670497331 -0.434566131798 0.593975721046 -0.537820282156 0.41121093444
161380 -4.84750878924 1.29492399353 0.17215101833 -0.43276296793 0.593734444358 -0.539159555419 0.411706930925
161446 -4.85154122298 1.29625576723 0.172464326207 -0.431889059304 0.59364651299 -0.539999255796 0.41165089144
161512 -4.85562060252 1.29733930969 0.172313389589 -0.432047155997 0.594034764268 -0.540101248204 0.410790202276
161578 -4.85983348201 1.29828947964 0.171783877759 -0.431890727698 0.594288273287 -0.540515378723 0.410042638771
161644 -4.86384761254 1.29905468189 0.171195553007 -0.431196315813 0.594259375199 -0.541231170438 0.409871137895
161710 -4.86754427136 1.29946909688 0.170724817208 -0.431156532721 0.59522058017 -0.540880742384 0.408979862282
161776 -4.87094080588 1.29962431504 0.170535950437 -0.431181688728 0.596630539858 -0.540082486538 0.40795250579
161842 -4.87393066752 1.2994971221 0.170720700127 -0.429971975367 0.597033380586 -0.540662464042 0.40787170238
161908 -4.87666283488 1.29906099701 0.171240371515 -0.428243350638 0.596929742549 -0.542085776128 0.407952828017
161974 -4.87925143207 1.29856643283 0.172009312591 -0.426867648419 0.596919795537 -0.543291561983 0.407805136198
162040 -4.88165313846 1.29801669978 0.172783170558 -0.425685025064 0.596653787554 -0.544959103507 0.407205221895
